"Time (s)","X (m/s^2)","Y (m/s^2)","Z (m/s^2)"
3.274791656E-3,3.800660938E-2,1.383457071E-1,-4.242622733E-2
5.009447917E-1,1.808894634E-2,1.436175567E-1,-1.784921050E-2
9.986137917E-1,-6.296281815E-3,8.772460699E-2,-5.135024786E-2
1.496282792E0,-3.475672692E-2,1.757673025E-3,-3.451494455E-2
1.993951167E0,-3.892549932E-2,-5.111109674E-2,1.925312698E-2
2.491619167E0,-4.791237742E-2,-1.140616357E-2,2.217790425E-2
2.989288583E0,-2.838823199E-4,1.994017482E-2,-8.020391822E-2
3.486955583E0,1.604505211E-2,1.009995407E-1,-3.256665230E-2
3.984621708E0,-4.718995392E-3,1.398116040E-1,-4.129128277E-2
4.482286708E0,8.852099776E-3,-4.426342249E-4,-7.609449506E-2
4.979950542E0,-6.463044405E-2,-4.727006078E-2,4.025223255E-2
5.477614542E0,-5.465597123E-2,-6.614838123E-2,5.177358627E-2
5.975278542E0,-1.426808327E-2,-1.686336994E-3,-3.895298123E-2
6.472941542E0,3.252923012E-2,1.266004050E-1,-6.194891095E-2
6.970604667E0,1.541092157E-2,1.450811148E-1,-1.352811813E-2
7.468266667E0,-1.754457057E-3,5.850080788E-2,-8.571725786E-2
7.965929333E0,2.734450400E-3,-8.474369645E-3,-5.118594110E-2
8.463591333E0,-2.580814809E-2,9.875947237E-3,8.699487448E-3
8.961252333E0,-1.102615303E-1,2.301814914E-2,1.076571804E-1
9.458913333E0,-3.309874892E-2,-6.450706780E-2,-3.020203829E-2
9.956574417E0,2.645485014E-2,-3.823845148E-2,-8.816256344E-2
1.045423542E1,4.508700281E-2,6.598582864E-2,-6.974675775E-2
1.095189592E1,1.496039361E-2,1.508850610E-1,3.601066232E-2
1.144955492E1,9.695092857E-2,2.207499325E-2,-1.367722213E-2
1.194721354E1,1.568398947E0,7.144759583E-1,3.856203640E-1
1.244487154E1,9.747393277E-1,1.168613411E0,2.191969121E-1
1.294252942E1,1.624155364E0,5.646960211E-1,-3.272803545E-1
1.344018642E1,7.696268964E-1,3.533659530E-1,-2.309907460E-1
1.393784321E1,6.959779993E-1,3.759116471E-2,-7.149729717E-1
1.443549921E1,3.595961612E-1,-7.406457567E-1,-8.707720327E-1
1.493315554E1,2.557911265E-1,-1.067624395E0,-1.572529128E0
1.543081054E1,3.879218280E-2,-1.571816937E0,-1.567887608E0
1.592846417E1,-8.678607041E-1,-6.533468270E-1,-1.488250285E0
1.642611917E1,5.311645782E-1,-1.207952893E0,-1.655198232E0
1.692377271E1,6.486962441E-1,-1.291734138E0,-2.017000548E0
1.742142671E1,1.246683680E0,-1.102317680E0,-2.479628742E0
1.791907929E1,1.579472696E0,-7.450522184E-1,-1.677881920E0
1.841673229E1,1.282590262E0,-1.508710277E-1,-1.004935811E0
1.891438454E1,6.057455215E-1,7.522214895E-1,1.510189623E-1
1.941203554E1,1.071241482E0,-7.931572616E-2,-5.956482571E-1
1.990968692E1,8.908361685E-1,-2.426962870E-1,-3.650030816E-1
2.040733792E1,5.355496976E-1,1.979604095E-1,-5.012701035E-2
2.090498829E1,2.207765374E-1,-4.966040254E-2,-3.033535480E-3
2.140263829E1,-1.256295041E0,-3.152385986E-1,-2.895079261E-1
2.190028779E1,-7.246945524E-1,1.307022268E-1,-3.390841287E-1
2.239793779E1,-3.353366482E-1,2.971338648E-1,5.426274598E-2
2.289558692E1,-4.131022775E-1,3.576940620E-1,-6.086132884E-2
2.339323592E1,3.930849195E-2,8.414728045E-3,1.466622019E-1
2.389088329E1,-6.168844673E-1,-3.801526326E-1,-5.036838341E-1
2.438853129E1,-5.185892639E-1,-2.200634694E-1,-1.296596682E-1
2.488617896E1,-3.634331042E-1,1.852099711E-1,-1.738967782E-1
2.538382596E1,1.235616070E-1,2.196857393E-2,2.375980997E-1
2.588147267E1,-2.071966714E-1,5.387250280E-1,3.019385219E-2
2.637911867E1,1.979759046E-1,-1.231131256E-2,2.767884779E-1
2.687676442E1,1.356893170E-1,-4.898990232E-1,-4.857983708E-1
2.737441042E1,-9.125690997E-2,-8.400209409E-1,-5.470011771E-1
2.787205546E1,-1.502471298E-1,-3.270838881E-1,-3.497126126E-1
2.836970046E1,5.039130449E-3,-5.874054372E-2,-2.254861772E-2
2.886734504E1,-1.863498858E-1,-1.005013579E-1,-1.326160204E-1
2.936498904E1,-3.472626293E-1,-8.638267100E-2,-1.825260991E-1
2.986263317E1,-4.541941702E-2,-2.152272373E-1,-1.530286503E-1
3.036027717E1,-1.027156985E-1,-7.921807766E-3,1.103416371E-1
3.085792054E1,-2.930481228E-1,2.719247639E-1,-5.427911818E-2
3.135556254E1,-2.548760372E-1,2.093642342E-1,-4.772497416E-2
3.185320458E1,-1.112356764E-1,-1.817069042E-1,-1.039108694E-1
3.235084658E1,-1.226433018E-1,-2.880730194E-1,-3.057333648E-1
3.284848733E1,-2.953624508E-1,3.745726347E-3,2.673814774E-2
3.334612833E1,-2.082509243E-1,-1.734810412E-2,3.814372659E-2
3.384376829E1,-1.953589833E-1,-1.966617429E-1,-2.132409382E-1
3.434140829E1,-9.789554626E-2,-2.739420533E-3,1.523649913E-1
3.483904846E1,-1.763988018E-2,-1.312840247E-1,-1.265395939E-1
3.533668846E1,-7.948207945E-2,9.454070628E-2,1.414207578E-2
3.583432804E1,9.895740062E-2,-1.317389381E-1,-3.297829628E-1
3.633196704E1,1.032787853E-1,-1.105474591E-1,9.667260110E-2
3.682960583E1,9.339172840E-2,1.117654341E-1,-2.666318643E-1
3.732724483E1,6.875068456E-2,-9.367005587E-2,2.126088542E-1
3.782488233E1,-1.161593243E-1,1.499167621E-1,-6.470645785E-2
3.832252133E1,-1.422683117E-1,-3.785136580E-1,-2.316789633E-1
3.882015967E1,-3.649881712E-1,1.529736865E-1,4.922887802E-2
3.931779767E1,-1.905142727E-1,-4.855048406E-1,-2.131462133E-1
3.981543529E1,-1.674037376E-1,-2.934705842E-1,-3.382386214E-1
4.031307329E1,-2.987585136E-1,6.590981483E-2,2.346370697E-2
4.081071167E1,-7.105741113E-2,-1.736143577E-1,-9.850921154E-2
4.130834867E1,-5.040981093E-1,9.298768580E-2,-2.984278536E-1
4.180598617E1,-6.730697778E-1,-3.044352829E-1,5.838561773E-2
4.230362417E1,-2.415832695E-1,-4.350363529E-1,1.132465339E-1
4.280126129E1,-2.320458761E-1,-2.892453861E-1,1.009498394E-1
4.329889829E1,-5.839666897E-1,2.623569649E-1,-1.256894088E-1
4.379653546E1,-1.841720903E-1,-2.382290143E-1,1.516124547E-1
4.429417146E1,-2.876090428E-1,-8.157099724E-2,-9.600543380E-2
4.479180883E1,-1.654341030E-1,-6.068240404E-3,-1.349163151E-1
4.528944483E1,-1.248333764E-1,-6.968126893E-2,-1.824290353E-1
4.578708029E1,-1.830236971E-1,-1.679098141E-1,7.828193843E-2
4.628471629E1,2.133505735E-1,4.686075568E-2,-1.806719470E-1
4.678235158E1,3.532832149E-1,2.017815650E-1,6.745172560E-2
4.727998758E1,3.387596083E-1,1.502208173E-1,8.776670694E-2
4.777762279E1,2.126380903E-1,1.643090987E-1,5.133270621E-3
4.827525779E1,1.572898087E-1,1.342286825E-1,4.224788725E-2
4.877289204E1,1.292804763E-1,-1.057457256E-1,-1.442818004E-1
4.927052704E1,-6.417026818E-3,-1.711263674E-1,-2.973075271E-2
4.976816229E1,-5.474894196E-2,-1.754041904E-1,4.814480424E-2
5.026579629E1,-1.052639151E-1,2.339745802E-1,1.393216074E-1
5.076343029E1,2.265287358E-1,2.588784564E-1,5.508895755E-2
5.126106429E1,9.817051157E-1,5.590154511E-1,2.250651777E-2
5.175869854E1,1.431185261E0,5.737007332E-1,1.749381673E-1
5.225633254E1,1.123186685E0,4.969256222E-1,1.419744891E-1
5.275396554E1,5.320746973E-1,7.319439304E-1,-1.475837231E-2
5.325159854E1,2.854824105E-1,5.067711639E-1,6.840482175E-2
5.374923104E1,4.528110114E-1,4.838091481E-1,-2.106488675E-1
5.424686404E1,7.416994250E-1,5.243554956E-1,-9.138730288E-2
5.474449621E1,4.213138148E-1,6.175682992E-1,2.786408758E-1
5.524212821E1,2.436482137E-1,6.966571534E-1,2.010494936E-1
5.573976117E1,3.564258009E-1,4.624872762E-1,3.274499238E-2
5.623739317E1,-1.022239476E-1,2.088198584E-1,7.499638796E-2
5.673502567E1,2.300394040E-1,-3.385526168E-1,-3.777014798E-1
5.723265667E1,-8.760839358E-1,-1.635162163E-1,-1.876722336E-2
5.773028883E1,1.372709888E-1,6.567007899E-3,-1.281195116E-1
5.822792083E1,6.917109936E-1,4.792243463E-1,1.883142579E-1
5.872555108E1,6.694252083E-1,4.400977027E-1,2.605799961E-1
5.922318208E1,5.378380054E-1,-2.799249244E-1,-8.843328953E-3
5.972081367E1,-2.065292117E-1,2.600017065E-1,1.741008461E-1
6.021844467E1,-4.430517161E-1,-2.566687936E-1,-1.001628041E-3
6.071607517E1,-9.597040898E-1,-6.637501931E-1,-2.008167744E-2
6.121370617E1,8.739482403E-2,1.256660199E-1,-2.456070310E-1
6.171133717E1,6.294241136E-1,-1.269711185E0,5.449429572E-2
6.220896817E1,3.819591299E-1,-2.731632042E-1,-3.218383509E-1
6.270659954E1,3.149441913E-1,-3.921633983E-1,6.499004781E-2
6.320423054E1,-1.349350262E-1,-6.865391314E-2,1.429995060E-1
6.370186129E1,-8.026619107E-2,3.992215723E-1,4.424985695E-1
6.419949329E1,-4.063428962E-1,-1.696768427E-1,3.732347918E-1
6.469712417E1,-8.650180802E-1,-2.326227039E-1,3.539875120E-1
6.519475617E1,-1.607850403E0,8.320774984E-1,3.524549568E-1
6.569238854E1,-3.175807008E-1,-2.301890928E-1,2.446217752E-1
6.619002054E1,-6.941299868E-1,4.070971870E-1,5.617876160E-1
6.668765367E1,-6.617291030E-1,1.227231163E-1,1.124787945E0
6.718528667E1,-4.914026347E-1,-8.733641034E-1,4.368466508E-1
6.768291917E1,-6.296483544E-1,-5.019261611E-1,-1.708889705E-1
6.818055217E1,-4.818298656E-1,-1.612732244E-1,-3.546687126E-1
6.867818542E1,-3.300762007E-1,-8.721414506E-2,-9.933074534E-2
6.917581842E1,-3.913003492E-1,-4.359450102E-2,-3.653925061E-3
6.967345142E1,-3.511580443E-1,-7.717681468E-2,-1.845790565E-1
7.017108442E1,3.418407986E-1,-1.834634078E-1,-4.401111513E-1
7.066871742E1,1.182385942E-1,2.538171065E-1,-7.261949480E-2
7.116635079E1,4.294660029E-1,7.379887819E-2,-2.346616280E-1
7.166398479E1,3.147857317E-1,3.037482351E-1,6.301602781E-2
7.216161767E1,1.805824846E-2,1.395344460E-1,2.399767470E-1
7.265925067E1,1.227386114E-1,-2.706377918E-1,1.365593827E-1
7.315688496E1,-8.903555274E-2,2.914895475E-2,-8.391923904E-3
7.365451796E1,5.523961106E-1,-2.267591161E-1,1.004855704E-1
7.415215133E1,2.245228484E-1,-3.664333105E-1,-1.235493279E-1
7.464978533E1,9.210534096E-2,4.708119571E-2,1.612662077E-1
7.514741896E1,-1.341947687E-1,4.738127482E-1,-1.011392891E-1
7.564505296E1,5.095848441E-3,4.971472317E-1,-2.097068810E-1
7.614268617E1,2.227879795E-1,1.405740809E-1,-1.532683861E-1
7.664032017E1,-8.481035471E-2,4.296037048E-1,2.552672160E-1
7.713795446E1,9.572096676E-2,2.290822148E-2,-1.127670622E-1
7.763558846E1,8.862156987E-2,-5.154063320E-1,-1.745820719E-1
7.813322267E1,-6.417494595E-2,-1.947929728E-1,-1.681647527E-1
7.863085667E1,-7.444090247E-2,8.082840085E-2,8.120262265E-2
7.912849021E1,-1.493422732E-1,4.619662893E-1,2.734783691E-1
7.962612421E1,1.936033568E-1,-2.318707520E-1,-2.780935764E-3
8.012375829E1,-5.406540245E-2,-1.235668695E-1,-5.737814248E-2
8.062139129E1,3.161384851E-2,3.881615639E-2,1.100586319E-1
8.111902542E1,1.151822546E-1,-2.970537579E-1,1.251508802E-1
8.161665942E1,3.228958198E-1,-5.928620589E-1,-1.448068804E-1
8.211429329E1,1.218559742E-2,-3.335368752E-2,2.372835195E-1
8.261192629E1,1.135000107E-1,-3.572742319E-1,-3.098556519E-2
8.310956071E1,-4.905463099E-2,-6.306771719E-1,5.984098971E-2
8.360719371E1,-9.088736594E-2,-7.934613168E-2,2.860943216E-1
8.410482721E1,-3.182288647E-2,3.725261092E-3,6.834050238E-2
8.460246021E1,4.254872650E-2,1.302806425E-1,1.124437112E-1
8.510009446E1,6.635595739E-2,-2.522547305E-1,5.747812986E-3
8.559772746E1,1.014740422E-1,-2.227181053E-1,-1.385468513E-1
8.609536117E1,7.516654193E-2,5.103098989E-2,-1.440923506E-1
8.659299417E1,-2.989818773E-1,2.208101588E-1,2.222643614E-1
8.709062867E1,7.691398233E-2,-1.116116524E-2,1.346502668E-1
8.758826367E1,-2.219904193E-1,1.441467297E-1,-6.081887805E-1
8.808589696E1,1.240159357E-1,-4.032193136E-1,-1.009287894E-2
8.858353296E1,1.782497379E-1,1.104410398E-1,2.587258440E-1
8.908116967E1,3.568087935E-2,-1.675659978E-1,-3.013327503E-1
8.957880567E1,-1.242504090E-1,-1.606534195E-1,9.968917966E-2
9.007644158E1,6.975728273E-2,-2.530335796E-1,1.031635952E-1
9.057407758E1,2.416291702E-1,2.637725759E-1,-2.655945683E-1
9.107171404E1,-2.117276788E-3,-6.821420252E-2,-2.109032214E-1
9.156935004E1,-2.497930527E-3,1.813034463E-1,-4.524856138E-1
9.206698779E1,-2.274204361E-1,-8.874903917E-2,-3.682319140E-1
9.256462379E1,-2.022850102E-1,-1.389368606E-1,-2.036386406E-1
9.306225958E1,-1.124343556E-1,3.840176421E-1,4.369858146E-2
9.355989658E1,-2.633749652E-1,-4.131128025E-1,2.400410664E-1
9.405753242E1,-6.766625994E-1,-4.118369401E-2,-1.232557976E-1
9.455516842E1,-2.759561267E-1,-1.721443677E-1,2.201131707E-1
9.505280467E1,-3.880855501E-1,9.718598664E-2,-1.422107166E-1
9.555044067E1,-3.648683032E-1,3.249180794E-1,-8.570147038E-2
9.604807454E1,-9.111599207E-2,-5.567367911E-2,-1.673940897E-2
9.654570954E1,3.316540718E-2,-2.109722185E-1,-4.779163241E-2
9.704334367E1,-4.428622663E-2,-3.445746642E-1,1.462412024E-1
9.754097867E1,2.026837903E-1,-2.311848736E-1,-3.416095412E-1
9.803861267E1,1.141192308E-1,1.204310077E-1,-7.369421303E-2
9.853624667E1,-1.030574682E-1,-1.273336458E-1,1.386228651E-1
9.903387908E1,2.272461891E-2,-1.990848291E-1,1.918705344E-2
9.953151308E1,-1.229403403E-1,2.358187920E-1,3.756251335E-2
1.000291468E2,3.695247334E-1,2.614067924E-1,-2.084099686E-1
1.005267788E2,-1.681302541E-1,2.750424993E-1,1.125665027E-1
1.010244114E2,2.723738301E-1,-2.961053395E-1,-3.073471963E-2
1.015220434E2,-3.372369933E-1,1.416973311E-1,-1.372376597E-1
1.020196743E2,1.544030383E-1,-3.431052589E-1,-1.914156210E-1
1.025173063E2,2.029147553E-1,-1.726975143E-1,-2.417940617E-1
1.030149370E2,1.730609187E-1,-6.070199221E-1,-1.731652915E-2
1.035125680E2,-2.165413991E-1,-1.617065030E-1,-1.015018165E-2
1.040101990E2,-6.347667146E-1,4.665551841E-2,-2.026814514E-1
1.045078300E2,-4.034388766E-1,-2.539451605E-1,4.426166832E-1
1.050054588E2,-7.874626583E-1,-2.423021847E-1,1.154942036E-1
1.055030888E2,-1.007487244E0,-4.030889207E-1,3.618853462E-1
1.060007172E2,-8.299853647E-1,-3.203274304E-1,2.436008513E-1
1.064983462E2,-7.960130417E-1,-1.332814336E-2,-1.369651794E-1
1.069959758E2,-6.832141122E-1,-5.900711828E-1,2.251961553E-1
1.074936048E2,-3.498190320E-1,1.587407953E-1,7.469525635E-2
1.079912329E2,-2.826783782E-1,-3.385999793E-1,6.712603569E-4
1.084888609E2,-2.880513847E-2,-1.802287281E-2,8.062550247E-2
1.089864870E2,2.511039984E-1,-6.360250354E-2,-1.366377354E-2
1.094841150E2,-1.344976544E-2,-1.303139716E-1,1.313992149E-1
1.099817424E2,3.093206316E-2,-1.244696796E-2,1.585186011E-1
1.104793694E2,3.996688843E-2,-1.481555808E-1,1.172951460E-2
1.109769962E2,-7.491803527E-2,-2.423653346E-1,-1.170483935E-1
1.114746222E2,6.612879306E-2,-1.823278785E-2,1.077495664E-1
1.119722500E2,4.011154854E-1,1.299222082E-1,-1.951332808E-2
1.124698770E2,5.287704358E-1,1.737260395E-1,-5.067080140E-2
1.129675037E2,7.950982448E-1,7.507199246E-1,-8.864203513E-2
1.134651307E2,6.743640590E-1,5.059958231E-1,-3.989906073E-2
1.139627573E2,5.748128736E-1,3.374673736E-1,-8.433965385E-2
1.144603843E2,5.086209306E-1,2.804096586E-1,-7.754285038E-2
1.149580122E2,3.297499260E-1,3.009520966E-1,-5.358856201E-2
1.154556392E2,2.750495160E-1,2.508765417E-1,-7.560508311E-2
1.159532655E2,2.329507327E-1,2.548503095E-1,-4.928267241E-2
1.164508925E2,1.799100548E-1,2.259136087E-1,7.956891060E-3
1.169485200E2,1.627891150E-1,1.518498516E-1,-6.125309229E-2
1.174461470E2,1.044084674E-1,2.296008629E-1,-2.647268414E-2
1.179437732E2,8.770881951E-2,1.098802918E-1,-4.215725541E-2
1.184414002E2,9.221234500E-2,2.272169530E-2,-5.344179690E-2
1.189390263E2,5.212734282E-2,-1.464610577E-2,-7.316094697E-2
1.194366523E2,1.497910470E-2,-4.500251055E-2,-1.510101914E-2
1.199342780E2,-2.608209014E-2,5.725885928E-2,3.001434267E-2
1.204319040E2,-6.770491004E-2,4.898914218E-2,9.199541330E-2
1.209295300E2,-2.955767512E-2,-7.357142150E-2,2.716733336E-2
1.214271550E2,-1.087786764E-2,-4.487738013E-3,2.695566416E-2
1.219247809E2,-7.721774518E-2,1.898473978E-2,7.849068403E-2
1.224224069E2,-5.272492826E-2,9.958451450E-2,-5.162916005E-2
1.229200305E2,9.440008074E-2,5.292607248E-2,-7.545656383E-2
1.234176555E2,-2.729772627E-1,2.427664536E-1,-2.095759034E-2
1.239152795E2,4.262330773E-1,6.753288496E-1,-2.066177970E-1
1.244129045E2,4.720495203E-1,2.108587825E-1,3.544699073E-2
1.249105282E2,8.261791196E-1,6.819841504E-2,2.140618873E-1
1.254081512E2,5.569902679E-1,7.799600959E-1,-3.828534615E-1
1.259057753E2,6.603205088E-1,5.469666785E-1,-9.288535953E-2
1.264033993E2,6.939048690E-1,2.455123061E-1,-1.567311072E-1
1.269010225E2,-1.671017289E-2,4.041776723E-1,1.889282155E-1
1.273986455E2,-4.602589023E-1,1.681741083E-1,1.620930040E-1
1.278962687E2,-4.520108199E-1,-5.953412783E-1,1.045938241E-1
1.283938917E2,-1.012273190E0,1.160508585E-1,9.214042425E-2
1.288915144E2,-2.305782250E-1,1.943082386E-1,1.673736244E-1
1.293891374E2,-2.506230649E-1,-6.447724700E-3,-2.897143328E-1
1.298867603E2,-6.995079634E-1,-6.136787313E-1,-9.167849422E-3
1.303843833E2,-1.592427787E-1,2.702922213E-1,4.848943913E-1
1.308820064E2,-4.527335358E-1,-9.284232402E-1,7.002958757E-1
1.313796294E2,-1.066978278E0,-7.065506423E-1,1.308390516E-1
1.318772522E2,-9.158455870E-1,-6.074666494E-1,6.783296406E-2
1.323748762E2,-1.123395138E0,-1.226623637E0,4.252966458E-1
1.328725002E2,-1.063837153E0,-2.793922430E-1,3.547488195E-1
1.333701242E2,-5.129858771E-1,4.041607153E-1,1.985544866E-1
1.338677492E2,-1.892785222E0,1.158772547E0,3.343204021E-1
1.343653732E2,1.082804059E0,-5.774078679E-1,4.606904268E-1
1.348629988E2,1.600499868E-1,3.681044447E-1,5.769377518E-1
1.353606248E2,9.056228998E-1,4.064569169E-1,-5.764536023E-2
1.358582503E2,1.182142113E0,-2.154734051E-1,-1.256245047E-1
1.363558773E2,1.920507456E0,5.019232374E-1,-3.665350521E-1
1.368535037E2,1.004258996E0,-8.640050501E-1,-3.750462592E-1
1.373511307E2,-4.898373351E-1,-4.429482204E-1,-4.562149680E-1
1.378487577E2,-4.690086758E-1,-2.341412258E-1,-5.416521442E-1
1.383463847E2,-1.159672433E-1,-6.914309120E-1,-3.730149364E-1
1.388440112E2,-1.210679742E0,-1.777401531E-1,1.251105344E-1
1.393416382E2,-1.005757345E0,-7.078241658E-1,1.555909002E-1
1.398392652E2,-6.223001584E-1,-2.194319701E-1,5.901594758E-2
1.403368922E2,-1.428337374E-1,-2.698606968E-1,3.456464589E-2
1.408345185E2,-1.419794592E-1,-2.141881871E-1,-2.309176558E-1
1.413321455E2,-4.684292167E-2,-1.267302132E-1,6.275173366E-2
1.418297724E2,3.266050011E-1,1.177003580E-1,6.408548355E-3
1.423273984E2,4.430458689E-1,1.119121993E-1,-6.927020967E-2
1.428250247E2,2.034541610E-1,1.473732233E-2,-9.883373201E-2
1.433226517E2,7.202720109E-1,2.194647145E-1,1.956478357E-2
1.438202770E2,5.018662271E-1,2.321496642E-1,-2.596046805E-2
1.443179030E2,3.858603922E-1,1.974715823E-1,-1.125051069E-1
1.448155298E2,3.148532671E-1,3.470527142E-1,-1.746738732E-2
1.453131568E2,2.203502753E-1,1.797030634E-1,-3.926112950E-2
1.458107827E2,1.730547792E-1,3.296484768E-2,1.938644350E-2
1.463084097E2,1.322330278E-1,6.967659116E-2,-3.117443025E-2
1.468060354E2,1.511303517E-1,1.474305260E-1,-6.294001400E-2
1.473036624E2,8.788365126E-2,1.985895699E-1,-2.537574649E-2
1.478012887E2,3.852905810E-2,3.027571321E-2,1.372926235E-3
1.482989147E2,5.721734405E-2,-7.397429466E-2,3.399103403E-2
1.487965404E2,4.982529402E-2,8.155111670E-3,-3.313500166E-2
1.492941674E2,7.780305147E-2,1.148135877E-1,-4.768872142E-2
1.497917935E2,-1.043435633E-3,1.728144586E-1,-1.468645155E-2
1.502894185E2,8.931037188E-3,6.081689000E-3,-4.540947676E-2
1.507870440E2,1.138131291E-2,-7.410468757E-2,3.991601765E-2
1.512846700E2,-1.660901606E-3,1.913793683E-2,2.137858987E-2
1.517822951E2,1.694172263E-2,5.233667314E-2,-8.658439994E-2
1.522799201E2,9.025469720E-3,1.893579859E-1,2.958691120E-4
1.527775470E2,-4.415232539E-3,1.706860721E-2,-6.333353162E-2
1.532751720E2,2.867766917E-3,-2.012670100E-2,-6.529585719E-3
1.537727958E2,2.826836407E-3,3.032950759E-3,4.418740869E-3
1.542704208E2,-5.336139768E-2,2.902499378E-2,1.441221714E-2
1.547680448E2,-4.880056947E-2,7.071037889E-3,-9.567915916E-2
1.552656688E2,3.686581761E-2,2.344148755E-2,-6.523446143E-2
1.557632925E2,1.367956102E-2,1.107702380E-1,-6.504559636E-2
1.562609165E2,8.182301223E-3,7.116880059E-2,-1.908765078E-2
1.567585392E2,-5.345904619E-2,1.291123688E-2,-1.422393680E-2
1.572561622E2,-2.676387548E-2,-7.716395080E-2,1.173477709E-2
1.577537857E2,-6.661586612E-2,-2.316023648E-2,4.668767810E-2
1.582514087E2,-2.148530155E-2,-2.504070103E-2,2.633585930E-2
1.587490308E2,-3.420387268E-2,2.885542452E-2,-4.905638516E-2
1.592466528E2,-1.411810219E-3,4.090653598E-2,-6.359080911E-2
1.597442748E2,5.047228843E-2,4.575387776E-2,-8.803684831E-2
1.602418962E2,-2.143296897E-3,6.903749049E-2,-3.984292746E-2
1.607395182E2,4.584661460E-1,2.436154693E-1,-1.160830182E-1
1.612371391E2,1.072302752E0,8.924166709E-1,-1.640038741E-1
1.617347601E2,1.398392614E0,1.509661034E0,5.793082130E-1
1.622323815E2,1.999517373E0,1.919967173E0,-3.784569401E-1
1.627300015E2,1.780860744E0,1.003747072E0,-7.024026275E-2
1.632276228E2,2.151946391E0,1.105483362E0,-2.136157447E-1
1.637252428E2,1.148628797E0,7.924573499E-1,-9.523360133E-2
1.642228612E2,3.278481191E-1,5.482489729E-1,-1.328557563E-1
1.647204812E2,-2.655857974E-1,5.293133497E-2,-6.151972532E-2
1.652181004E2,-6.310812145E-1,-2.889179420E-1,4.589912260E-1
1.657157184E2,8.066400638E-1,5.106490374E-1,-2.056828272E-1
1.662133376E2,7.237204063E-1,6.350298393E-1,1.381778920E-1
1.667109556E2,-6.175536811E-2,1.503523797E-1,2.395575017E-1
1.672085737E2,-8.175594467E-1,-3.144965869E-1,4.059593189E-1
1.677061907E2,-1.268442339E-1,1.231061089E-1,2.880309194E-1
1.682038084E2,-1.546202624E-1,1.482421196E-1,1.512826717E-1
1.687014254E2,-2.336810499E-1,-1.757573622E-1,-1.020923853E-1
1.691990429E2,-3.612947774E-1,-3.173681545E-1,-3.820512235E-1
1.696966589E2,-4.804671720E-1,-7.652104944E-1,-4.695150447E-1
1.701942747E2,-6.965209132E-1,-3.367621994E-1,9.365076005E-2
1.706918917E2,-7.425247595E-1,-4.465974677E-1,3.480262756E-2
1.711895063E2,-7.947167140E-1,5.460188448E-2,-8.167156935E-2
1.716871223E2,-4.640645626E-1,-6.728507996E-2,-5.034809357E-1
1.721847372E2,-7.695736867E-1,-6.726636887E-2,-4.780578268E-1
1.726823532E2,-1.907946467E-2,-2.655366808E-1,1.736494410E-1
1.731799673E2,-2.279618883E-1,-3.280697286E-2,5.938104773E-1
1.736775823E2,-3.826458853E-1,-5.163032949E-2,2.623598886E-1
1.741751975E2,-4.527484462E-1,6.915034175E-2,-1.720660150E-1
1.746728115E2,1.443692163E-1,-6.349725366E-1,-6.568469703E-2
1.751704257E2,1.979674262E-1,-4.288529223E-1,1.334960264E-1
1.756680397E2,1.367695901E-1,-1.237036943E-2,1.972733617E-1
1.761656536E2,1.537437648E-1,-1.388468134E-1,3.574987650E-3
1.766632666E2,-3.360190183E-2,3.325194597E-1,3.120132744E-2
1.771608803E2,-6.731636256E-2,1.597576261E-1,9.157616794E-2
1.776584943E2,-3.755111128E-2,-8.373622119E-2,2.903961182E-2
1.781561089E2,2.597771734E-1,-3.365575469E-1,-4.021890342E-2
1.786537239E2,-1.815893751E-1,1.392280519E-1,-3.547640222E-1
1.791513377E2,-1.040646511E-1,-2.057910007E-1,3.521602571E-2
1.796489527E2,1.796197405E-1,8.386953771E-2,1.016012192E-1
1.801465663E2,2.481947163E-1,-9.774673462E-2,3.255998647E-1
1.806441813E2,-9.867761135E-3,3.485390764E-1,1.117478925E-1
1.811417960E2,-1.014550388E-2,2.573353761E-1,-1.514101410E-1
1.816394100E2,1.876014823E-1,8.276441395E-2,2.035322213E-1
1.821370258E2,1.966991651E-1,-2.085859698E-1,6.785378015E-1
1.826346408E2,4.371776032E-1,-8.744394064E-2,3.909360677E-1
1.831322564E2,2.547687408E-1,-4.795529598E-1,9.533885121E-3
1.836298714E2,-5.555834278E-1,1.451573040E0,9.758652091E-2
1.841274854E2,7.339518642E-1,1.437350857E-1,4.804510921E-1
1.846251004E2,-8.418052188E-1,3.260003990E-1,-8.183599305E-1
1.851227157E2,1.513162932E-1,-6.114404172E-1,-3.295239311E-1
1.856203307E2,-8.608446300E-2,1.220886934E-1,-1.859192383E-1
1.861179454E2,5.122242773E-1,1.674578243E-1,3.045323467E-1
1.866155604E2,1.991634741E-1,-2.882911205E-2,-9.442376196E-2
1.871131751E2,2.771176761E-1,7.596322507E-1,1.945573300E-1
1.876107901E2,6.477902180E-1,-2.817632890E-1,-1.978721166E-1
1.881084054E2,1.043780034E0,-5.972047859E-1,1.622547380E0
1.886060214E2,-1.551777944E-1,9.852359569E-1,-7.440850890E-1
1.891036365E2,-2.608548152E-1,4.451584679E-1,3.433081573E-1
1.896012525E2,-1.620564589E-1,3.953150475E-1,8.880868077E-2
1.900988676E2,-3.542515138E-1,-1.333784974E-1,-1.481275141E-2
1.905964836E2,-7.960829160E-1,1.289925009E-1,-9.143934309E-1
1.910940987E2,5.304988727E-1,-9.784876853E-1,6.509138006E-1
1.915917147E2,-4.499502611E-1,2.302440566E-1,-1.996906006E-1
1.920893304E2,-7.103753060E-2,8.976703942E-2,1.441514075E-2
1.925869474E2,-1.955838087E-1,-3.427754760E-2,8.137803912E-2
1.930845638E2,2.220597088E-2,-2.187981319E-1,-1.044137299E-1
1.935821808E2,-1.511081323E-1,-1.682729262E-1,1.709141135E-1
1.940797980E2,-3.039353460E-1,-1.165081108E-1,-1.941959721E-1
1.945774150E2,-2.802260560E-1,2.613605994E-1,7.857371449E-2
1.950750319E2,-4.581682304E-1,8.209490776E-4,-2.165884691E-1
1.955726489E2,-4.357345104E-2,-3.986982465E-2,1.454424727E-1
1.960702657E2,-2.765534198E-1,1.457652390E-2,9.939097166E-2
1.965678827E2,-3.140463513E-1,-2.017406344E-1,-4.735192180E-2
1.970654995E2,-1.195501247E-1,-2.504713297E-2,-7.623833656E-2
1.975631165E2,-1.632443208E-1,4.079695916E-1,5.525443375E-2
1.980607340E2,8.039278328E-2,-6.118058681E-2,3.781025988E-1
1.985583510E2,3.770313889E-2,5.969130099E-2,3.402366149E-1
1.990559680E2,-1.397279888E-1,-1.017678648E-1,-1.826138073E-1
1.995535850E2,-1.330071992E-1,8.336258411E-2,1.228687119E-1
2.000512020E2,-2.926943663E-1,-2.525634634E-1,2.412450081E-1
2.005488200E2,-2.701314229E-1,-1.673917508E-1,-2.920988274E-1
2.010464387E2,-4.756236309E-1,-3.236784697E-2,3.308231825E-1
2.015440567E2,-5.563143298E-1,-2.385576278E-1,-1.449331802E-1
2.020416758E2,-4.376126361E-1,-3.713595897E-1,-1.899292588E-1
2.025392948E2,-1.529339254E-1,-3.569578975E-1,3.810922801E-1
2.030369128E2,-3.802643144E-1,-2.739315283E-1,-8.412745839E-1
2.035345318E2,1.368102282E-2,-8.194252932E-1,2.369554907E-1
2.040321502E2,-1.908996043E-1,-7.180673182E-1,1.366663867E-1
2.045297682E2,-1.812122297E-1,-4.573300320E-1,-4.714493036E-2
2.050273880E2,-4.089943162E-1,-4.612576067E-2,2.706220043E-1
2.055250060E2,-3.008684814E-1,8.340117574E-2,1.446530986E-1
2.060226242E2,-2.045809194E-1,2.200161070E-1,6.792125702E-2
2.065202422E2,-1.470495799E-1,1.590202922E-1,2.521319389E-3
2.070178602E2,-2.711777821E-1,1.788897157E-1,1.438765883E-2
2.075154782E2,-3.038891530E-1,9.984237671E-2,-1.358097696E-1
2.080130968E2,-7.754401982E-2,-1.087055862E-1,-2.701097882E-1
2.085107148E2,6.516166359E-2,-1.797375619E-1,-8.016941965E-2
2.090083327E2,-1.769689053E-2,-1.132383478E-1,-1.677507699E-2
2.095059507E2,2.086871266E-2,3.668718517E-2,1.294333810E-1
2.100035690E2,1.698896813E-1,-5.377918124E-2,2.502491355E-2
2.105011870E2,7.005958378E-2,1.471451819E-1,-1.962442517E-1
2.109988068E2,3.630024567E-1,1.058901519E-1,-1.740721947E-1
2.114964268E2,5.727201551E-2,-5.474338710E-2,3.035874367E-2
2.119940475E2,4.575224054E-1,1.293830949E-1,-5.657765865E-3
2.124916685E2,5.924939767E-1,5.485968822E-1,-1.006183022E-1
2.129892890E2,5.078037822E-1,3.883726484E-1,-1.328692049E-1
2.134869110E2,3.824432793E-1,3.072606575E-1,-1.075361431E-1
2.139845327E2,3.310322204E-1,2.600022912E-1,-8.296263456E-2
2.144821547E2,2.284551010E-1,1.478363228E-1,4.636257291E-3
2.149797757E2,1.612948591E-1,2.041409165E-1,-2.482727766E-2
2.154773977E2,1.720043269E-1,2.993224776E-1,2.187677264E-2
2.159750197E2,1.575193119E-1,1.063023806E-1,-5.924925148E-2
2.164726407E2,6.674479723E-2,4.517734230E-2,1.088810027E-2
2.169702628E2,-1.438999772E-3,2.679428101E-2,3.305314064E-2
2.174678838E2,6.058037013E-2,1.634214914E-1,-1.181137562E-3
2.179655040E2,9.324876398E-2,7.053379297E-2,-5.253840208E-2
2.184631260E2,-6.538882792E-2,5.282900870E-2,7.137930036E-2
2.189607473E2,1.543957293E-2,7.997880042E-2,-6.288095713E-2
2.194583693E2,-2.243138105E-2,4.476394415E-2,-2.972022772E-2
2.199559913E2,2.971552071E-1,1.598236996E-1,-6.340135932E-2
2.204536133E2,9.200906655E-1,5.769938850E-1,-3.602001786E-2
2.209512362E2,9.241468790E-1,1.870055341E0,-2.208405644E-1
2.214488582E2,7.008744577E-1,1.610369968E0,-1.631688917E-1
2.219464815E2,9.550055596E-1,6.470154619E-1,1.003885067E-1
2.224441045E2,6.374003005E-1,6.444602287E-1,-2.141110039E-1
2.229417268E2,8.576005948E-1,3.852654380E-1,3.611708164E-2
2.234393498E2,6.741453731E-1,3.829201198E-1,3.499769068E-1
2.239369727E2,-1.821647412E-1,-2.638491744E-1,-7.380355597E-2
2.244345947E2,-8.678911096E-1,-1.183295184E-1,5.255477428E-2
2.249322174E2,4.460250252E-1,9.289184994E-1,6.990568507E-1
2.254298394E2,8.021736681E-2,6.067532891E-1,-5.694860601E-1
2.259274613E2,6.719555908E-1,1.458178639E-2,-2.326829302E-1
2.264250843E2,3.141784984E-1,1.324482054E-1,-4.210989296E-2
2.269227069E2,-9.345195472E-2,1.192806265E0,3.434981918E-1
2.274203279E2,1.072559445E0,-3.966961598E-1,1.480115054E0
2.279179493E2,1.740172309E-1,2.256247562E-1,-1.699680340E-1
2.284155713E2,6.868952268E-1,-1.003101540E0,2.840366864E-1
2.289131920E2,-9.047800237E-1,-4.152470362E-1,-6.587701195E-1
2.294108130E2,-1.459272069E-1,-4.089554322E-1,-1.088723488E0
2.299084344E2,1.478082561E-1,1.111046988E-1,-3.807326764E-1
2.304060564E2,-1.066947287E-1,-3.937058938E-1,-4.651436663E-1
2.309036769E2,-1.510610622E-1,-4.408432227E-1,-5.100841963E-1
2.314012979E2,-9.890167665E-1,6.478223777E-1,-4.082648760E-1
2.318989180E2,-3.068376115E-1,-9.610501188E-1,7.235835814E-1
2.323965390E2,-4.851849979E-1,3.396887308E-1,3.376942456E-2
2.328941597E2,-3.729506171E-1,6.666287774E-1,-5.237853920E-1
2.333917807E2,-1.738950241E-1,6.391766846E-1,-1.535636705E-1
2.338894001E2,-4.572005162E-1,2.016043943E-1,-1.098224044E-1
2.343870211E2,8.163005412E-3,-4.228004694E-1,4.370688450E-1
2.348846414E2,-7.166461524E-1,-3.383643365E-1,-1.712216771E-1
2.353822614E2,-4.947191754E-1,5.964627743E-2,-2.798687911E-1
2.358798819E2,-5.659952724E-1,3.235749739E-1,-2.017219234E-1
2.363775019E2,-2.828467780E-1,-1.524924606E-1,4.878215075E-1
2.368751215E2,3.226201236E-2,3.074758351E-2,1.049078196E0
2.373727405E2,8.776933819E-2,-1.271692806E0,4.269584244E-1
2.378703605E2,-2.110400462E-1,-1.439245355E-1,4.152575612E-1
2.383679795E2,-8.890963295E-1,1.655570115E0,-6.518598801E-1
2.388656000E2,-3.507659885E-1,-5.240935403E-1,1.814911419E-1
2.393632190E2,-9.658898592E-2,8.058018655E-1,1.898438895E-1
2.398608388E2,-8.879844815E-2,5.800332677E-1,-3.133364993E-1
2.403584578E2,4.638835913E-1,-5.523689210E-1,1.183996850E-1
2.408560780E2,-9.533066511E-2,-2.446995431E-1,-1.159035087E-1
2.413536970E2,-3.151432890E-1,2.909697300E-1,2.039707625E-1
2.418513166E2,6.570372972E-1,-1.720221609E-1,2.558145154E-1
2.423489356E2,1.113230923E-1,-1.779635167E-1,1.264168024E-2
2.428465548E2,-2.858557552E-1,-2.992856401E-1,-1.019228160E-1
2.433441748E2,-4.039627871E-1,-4.316040373E-1,6.468306899E-2
2.438417934E2,-1.217751072E0,-7.897313780E-1,-2.313532734E-1
2.443394134E2,-9.618260443E-1,-3.411329931E-1,7.159447789E-2
2.448370328E2,-1.280197289E0,-2.278268176E-1,1.106293201E-2
2.453346538E2,-7.598667240E-1,-2.033275688E-1,2.826967385E0
2.458322738E2,-8.012527317E-2,7.881321645E-1,4.202575153E-1
2.463298938E2,-6.023851267E-1,8.524269783E-1,1.241008957E0
2.468275137E2,1.652969566E0,7.204816335E-1,9.671587050E-1
2.473251337E2,1.044240502E0,1.246552702E0,7.387904352E-1
2.478227537E2,2.690990970E-1,1.555058232E0,4.141442513E-1
2.483203738E2,2.330159292E-1,4.920256555E-1,9.403492212E-3
2.488179938E2,-1.815601391E-1,8.290246671E-1,3.876353145E-2
2.493156137E2,1.037237585E-2,-1.559218526E-1,4.343820494E-1
2.498132347E2,-8.630373359E-2,-2.952101308E-1,-2.105763620E-1
2.503108545E2,2.223804286E-1,1.616228878E-1,-3.124278420E-1
2.508084755E2,1.281291595E-1,-2.530464435E-1,2.664517701E-2
2.513060953E2,-4.820649236E-2,-1.615293324E-1,-1.814548892E-1
2.518037163E2,1.380866754E-1,-2.459151793E-1,-1.048037392E-1
2.523013378E2,-1.793802971E-1,-2.151196486E-1,-8.882973075E-2
2.527989588E2,-2.174535647E-1,-1.776851892E-2,-7.064225882E-1
2.532965800E2,-1.084538636E-1,2.071931630E-1,-4.349468905E-1
2.537942010E2,-3.655904344E-1,1.942018193E-1,-4.847482109E-1
2.542918236E2,-2.107921243E-1,1.835218799E-1,-1.097405434E-1
2.547894456E2,-5.945916653E-2,7.245518804E-2,-3.566029716E-1
2.552870672E2,-3.292242613E-1,1.723694855E-1,-4.436077863E-1
2.557846892E2,-4.674316818E-1,3.673507386E-1,-6.132618248E-1
2.562823122E2,-5.241426569E-1,3.526344663E-1,-1.855988109E-1
2.567799342E2,-1.240577433E-1,-2.675276577E-1,-2.336564916E-1
2.572775575E2,-5.375321960E-1,-1.142475772E-1,-2.836098397E-1
2.577751805E2,-1.467104414E-1,-9.211411178E-1,-2.752167463E-2
2.582728037E2,-2.582606980E-1,-1.586004621E-1,-3.674343538E-1
2.587704267E2,-3.571333140E-2,-4.568710256E-1,4.143758011E-1
2.592680497E2,-8.939544886E-2,1.924856615E-1,-2.864387226E-1
2.597656727E2,3.450892192E-1,-8.937656236E-1,6.926225746E-1
2.602632955E2,-3.729126102E-1,4.772421402E-1,-5.488325250E-1
2.607609185E2,2.094253376E-1,-6.426733196E-1,3.760741997E-1
2.612585417E2,1.441046298E-1,-6.467558455E-1,-9.266550422E-2
2.617561637E2,-1.406097490E-1,-3.885410482E-1,-1.489069480E-1
2.622537867E2,-3.890129185E-1,-2.179888773E-1,-1.004890788E-1
2.627514087E2,-1.559116200E-1,-3.784393984E-1,5.051187408E-1
2.632490307E2,-5.642563105E-2,-8.421920121E-2,-3.780944127E-1
2.637466537E2,-1.051592499E-2,-3.310611641E-1,1.940082765E-1
2.642442754E2,2.127304763E-2,1.832441372E-1,4.571820974E-2
2.647418964E2,-6.588408709E-2,-5.194221997E-1,-1.255473214E-1
2.652395189E2,-3.585974568E-1,-1.865004516E-1,2.926870573E-1
2.657371409E2,-5.455794266E-1,7.826615095E-2,3.606854975E-2
2.662347613E2,-2.912717387E-1,-5.177206600E-1,5.211038589E-3
2.667323833E2,-3.001907891E-1,1.436760288E-1,-1.132284075E-1
2.672300048E2,5.305821955E-2,-2.836612952E-1,3.096463215E-1
2.677276258E2,-6.784743592E-1,-4.914999908E-1,-1.359612125E-1
2.682252460E2,-6.368711275E-1,-5.425765890E-1,-4.059558105E-1
2.687228670E2,-8.321698844E-1,-2.954083514E-1,2.459999639E-1
2.692204882E2,-6.262131152E-1,-8.070905918E-1,-1.135763168E-1
2.697181092E2,-4.953117907E-1,-4.770433348E-1,2.263761234E-1
2.702157304E2,-7.640647325E-1,-5.637271374E-1,2.527517438E-1
2.707133504E2,-8.194521904E-1,-2.895161122E-1,3.005234957E-1
2.712109718E2,-5.022904426E-2,-2.135110795E-1,-5.165430307E-2
2.717085918E2,1.859224543E-1,2.007273120E-1,2.718253613E-2
2.722062116E2,2.086698774E-1,7.699262738E-2,4.939318478E-2
2.727038316E2,2.476535565E-1,5.899489760E-2,3.962658048E-2
2.732014515E2,2.363497192E-1,1.183768809E-1,-2.417765200E-2
2.736990705E2,9.398144934E-1,4.447433156E-1,-3.526982009E-2
2.741966902E2,6.675690097E-1,3.768296599E-1,-4.926980853E-2
2.746943092E2,5.450493765E-1,2.952978390E-1,-7.824159265E-2
2.751919282E2,4.239237195E-1,2.320841753E-1,-2.059623241E-2
2.756895472E2,2.974747574E-1,2.657284695E-1,-9.702284932E-3
2.761871662E2,2.842398772E-1,2.466221076E-1,-4.637485206E-2
2.766847852E2,1.869758302E-1,2.038929945E-1,-4.736653984E-2
2.771824038E2,1.939077044E-1,8.955770910E-2,-1.144235784E-1
2.776800228E2,1.722317836E-1,1.833774537E-1,-2.008167744E-2
2.781776405E2,1.217241195E-1,2.079205567E-1,-8.534011245E-3
2.786752585E2,6.715994954E-2,2.266772550E-1,-2.631422460E-2
2.791728764E2,5.709718376E-2,2.117253399E-1,1.310010195E-2
2.796704944E2,4.292616427E-2,1.079822856E-1,-7.093257308E-3
2.801681123E2,8.721180618E-2,1.278651577E-1,-3.743855238E-2
2.806657293E2,2.478956312E-2,1.837698019E-1,-1.356846392E-2
2.811633473E2,-7.408129871E-3,5.979830503E-2,-5.635195613E-2
2.816609643E2,2.588620842E-2,3.539904356E-3,-8.548980117E-2
2.821585815E2,4.027679086E-2,1.628449559E-3,-8.246562123E-2
2.826561985E2,-1.464435160E-3,9.987044334E-3,-1.370002627E-3
2.831538169E2,-3.063473225E-2,3.920382679E-2,-1.824097395E-2
2.836514339E2,4.862544537E-3,6.463746071E-2,-6.869425893E-2
2.841490505E2,-3.644861877E-3,2.317193091E-2,-8.121841013E-2
2.846466685E2,1.245427698E-2,5.103391349E-2,-8.993310034E-2
2.851442860E2,2.462847233E-3,4.179472804E-2,-4.768228948E-2
2.856419040E2,-2.930741429E-2,3.042774081E-2,2.748366773E-2
2.861395228E2,-6.581742883E-2,-4.214906931E-2,5.442295969E-2
2.866371418E2,-3.315985233E-2,-2.086871266E-2,9.878286123E-3
2.871347599E2,-7.500866711E-2,8.950917721E-3,2.315672815E-2
2.876323789E2,-5.298162103E-3,-8.227851033E-2,-9.812797308E-3
2.881299969E2,-5.440366387E-2,1.800240755E-2,6.574960113E-2
2.886276159E2,-9.471495330E-2,3.902197838E-2,1.011732030E-1
2.891252347E2,-7.367111653E-2,-2.645923555E-2,4.226309001E-2
2.896228527E2,-2.176333666E-2,-3.822909594E-3,-8.792458177E-2
2.901204711E2,1.409822166E-2,-5.339677334E-3,-7.258441150E-2
2.906081371E2,4.720311016E-2,2.988570392E-2,-8.125641704E-2
2.910958036E2,-7.492768317E-2,-1.003043067E-1,2.125462890E-2
2.915834696E2,-4.753493965E-3,7.124189079E-2,-9.192933977E-2
2.920711367E2,8.438993990E-3,2.510443568E-2,-4.953410268E-2
2.925588047E2,-6.582590729E-2,7.776796818E-3,-2.885542452E-2
2.930464717E2,-7.871755600E-2,4.143746316E-2,3.755023420E-2
2.935341397E2,-8.998572528E-3,1.840031058E-1,-2.242407203E-3
2.940218070E2,2.901768476E-2,1.333749890E-2,-5.739977717E-2
2.945094750E2,-6.710089266E-2,4.348925114E-2,7.941337466E-2
2.949971430E2,-1.988053322E-2,-2.620078862E-2,-5.492055774E-2
2.954848110E2,5.649287403E-3,4.091647625E-2,-4.343370259E-2
2.959724791E2,-3.124108851E-2,-6.880418658E-3,7.954552174E-3
2.964601471E2,-5.564298123E-2,-4.762498677E-2,2.761055231E-2
2.969478144E2,-1.599067301E-2,1.237370235E-1,-7.433682203E-2
2.974354824E2,-4.677772522E-3,9.076632857E-3,-7.760892391E-2
2.979231495E2,-6.355660290E-2,2.713751256E-2,6.384106994E-2
2.984108175E2,-6.608873963E-2,4.621054530E-2,2.513951898E-2
2.988984843E2,-2.160721600E-2,1.312308151E-1,-5.476443708E-2
2.993861503E2,1.323283374E-2,2.218141258E-2,-5.048485994E-3
2.998738178E2,1.260952055E-3,-4.564862788E-2,-5.622331738E-2
3.003614848E2,-8.882359117E-2,3.049849212E-2,7.435728729E-2
3.008491508E2,-4.615061134E-2,-1.143656909E-2,4.682450294E-3
3.013368170E2,-1.275336206E-2,8.775267363E-2,-8.237849772E-2
3.018244830E2,1.606405556E-2,6.733945906E-2,-4.208124161E-2
3.023121483E2,-2.994505316E-2,-2.348475695E-2,-2.715973198E-2
3.027998133E2,-5.625957012E-2,2.408585072E-2,2.548158109E-2
3.032874792E2,-1.265191287E-2,1.754492140E-1,4.952591658E-4
3.037751442E2,3.557562947E-2,-2.322747946E-2,-3.855946362E-2
3.042628096E2,2.883101240E-1,1.489537257E-1,-1.590115213E-1
3.047504736E2,1.740377546E0,6.962326455E-1,-4.061464298E-1
3.052381387E2,2.166750956E0,1.219981200E0,-7.734965837E-1
3.057258027E2,1.320801524E0,7.334115815E-1,2.614699423E-2
3.062134666E2,6.241934869E-1,5.145122927E-1,-2.002536875E-1
3.067011306E2,1.310085039E0,9.687567490E-1,1.760310119E-1
3.071887942E2,4.472453392E-1,3.998220813E-1,2.758260262E-1
3.076764582E2,-6.039627054E-1,2.605495906E-1,1.133272254E-1
3.081641223E2,5.361151233E-1,6.951924258E-1,3.900496298E-1
3.086517853E2,9.493352222E-1,1.170583922E0,-3.453131676E-1
3.091394498E2,3.013368434E-1,3.625373107E-1,5.958365375E-1
3.096271138E2,3.616228062E-1,1.779149848E-1,-1.685617787E-1
3.101147763E2,2.870187664E-1,3.814191395E-1,-3.068969607E-2
3.106024403E2,4.396246630E-1,2.958632648E-2,-8.877371442E-1
3.110901042E2,5.787176442E-1,2.006705940E-2,1.010890031E-1
3.115777672E2,8.759713769E-3,6.003014714E-1,-3.236562502E-1
3.120654310E2,-1.118051952E-1,-3.189644444E-1,7.736930501E-1
3.125530950E2,-5.202799863E-1,-1.331567709E0,1.358193591E0
3.130407582E2,1.741476238E-2,-1.590704028E0,-9.274414927E-1
3.135284222E2,-7.487926823E-1,-4.443269938E-1,8.986995041E-2
3.140160862E2,-3.923265356E-1,-3.052182251E-1,-2.325659859E-1
3.145037492E2,-1.225324970E-1,-3.629735130E-1,3.801602340E-1
3.149914120E2,-1.676630616E-1,6.892814755E-2,-1.268787324E-2
3.154790750E2,-2.341622758E-1,1.571573693E-1,5.205179679E-1
3.159667382E2,-4.054628903E-1,-2.659682053E-1,-2.191284996E-1
3.164544012E2,-3.967967319E-1,-5.191333473E-1,2.958691120E-3
3.169420650E2,-4.066925597E-1,-8.184271735E-1,-8.592249513E-2
3.174297280E2,-3.549961567E-2,3.403079510E-3,3.697878581E-1
3.179173904E2,1.846272960E-1,1.527526617E-1,1.454775560E-1
3.184050534E2,-7.830854326E-2,5.609122878E-1,4.185173839E-1
3.188927160E2,4.083578467E-2,4.170351148E-2,2.640631825E-1
3.193803800E2,-3.137747481E-1,-2.482903183E-1,-8.379293919E-2
3.198680440E2,-4.809741256E-1,-4.043057263E-2,-3.299431765E-1
3.203557089E2,-1.529634538E-1,-1.269800647E0,5.166751778E-1
3.208433729E2,-3.183458090E-2,-8.020040989E-3,-9.815791082E-1
3.213310364E2,2.438920426E-1,-1.061601178E0,-8.328885072E-1
3.218187004E2,2.025402412E-1,-8.162783217E-1,-3.587594247E-1
3.223063647E2,2.847865918E-1,-9.181736559E-1,-3.136563420E-1
3.227940287E2,7.185234010E-2,-1.128888597E0,-6.628269178E-1
3.232816915E2,1.942374873E-1,-7.907949865E-1,-4.274852586E-1
3.237693555E2,1.320315912E-1,-6.751329678E-1,-6.476767820E-1
3.242570194E2,-1.744797456E-1,-3.973954868E-1,-2.758669567E-1
3.247446824E2,5.270914078E-2,-6.147861940E-1,1.074940431E-1
3.252323467E2,-2.956995428E-2,1.449191469E-1,-2.943640387E-1
3.257200107E2,-2.630001587E-1,-3.781452835E-2,-4.172906381E-1
3.262076748E2,3.722890046E-1,-7.910633737E-1,-2.784297913E-1
3.266953388E2,-2.033515424E-1,-1.652978629E-1,-3.653042132E-1
3.271830006E2,-1.556882563E-1,-1.711877632E-1,-2.864960253E-2
3.276706636E2,-2.929762021E-1,-2.558361501E-1,9.928513706E-2
3.281583278E2,-3.802765936E-2,-2.893646693E-1,-5.748842096E-1
3.286459908E2,-2.548856851E-1,-6.675239861E-2,-3.389724469E-1
3.291336533E2,-1.489847159E-1,-4.489807928E-1,5.576372623E-2
3.296213163E2,2.676583430E-1,-7.207348180E-1,-3.358383393E-1
3.301089795E2,-1.275853685E-1,1.252397579E-1,-1.861157048E-1
3.305966415E2,-7.099221468E-2,-1.029408163E-1,-2.732754707E-1
3.310843047E2,8.271383554E-2,-3.014806849E-1,-8.256268501E-3
3.315719687E2,-9.225707620E-2,-1.909700632E-2,-7.671219492E-1
3.320596317E2,-2.760765794E-1,1.927277362E-1,-1.489250743E-1
3.325472947E2,-3.285132399E-1,8.833213270E-2,-3.285632336E-1
3.330349584E2,5.028780878E-2,-5.230346096E-1,-2.216515732E-1
3.335226214E2,-2.946984994E-1,1.972523117E-1,2.518723226E-1
3.340102856E2,-5.404265678E-1,5.050778103E-1,2.599894273E-1
3.344979496E2,-2.867126647E-1,1.212314916E-1,1.314565176E-1
3.349856135E2,-3.343815055E-1,1.617310613E-1,-2.147922045E-1
3.354732775E2,-4.075120470E-1,-2.409801292E-1,-5.873609984E-1
3.359609415E2,-5.774663401E-1,-2.224280834E-2,-2.361140764E-1
3.364486065E2,-6.667986390E-1,6.670070922E-1,5.696357489E-3
3.369362718E2,-1.015299416E0,6.981072628E-1,-2.716616392E-3
3.374239378E2,-1.000119460E-1,-2.614371979E-1,4.715487063E-1
3.379116027E2,-3.925759193E-1,3.312418431E-1,6.867776978E-1
3.383992687E2,-1.826909906E-1,-4.834360957E-2,-2.251025999E-1
3.388869347E2,-2.767390689E-1,-2.949423283E-1,-1.807222331E-1
3.393746000E2,-1.935831839E-1,2.139753485E-1,-1.132342547E-1
3.398622660E2,4.663651496E-2,-1.086055988E-1,-4.180297261E-1
3.403499335E2,-4.685081542E-2,6.173379189E-1,1.299742484E-1
3.408375995E2,-8.595728606E-2,2.760137218E-1,3.264067805E-1
3.413252658E2,3.387993693E-2,1.747674286E-1,1.227821732E-1
3.418129318E2,-1.940968618E-1,6.744237006E-1,5.748000097E-1
3.423005986E2,-2.339137691E-1,5.163144046E-1,7.374718881E-1
3.427882656E2,-5.412802613E-1,7.203933406E-1,5.487980264E-1
3.432759322E2,-3.151526445E-1,7.349400437E-1,7.223568356E-1
3.437635992E2,-4.748193464E-1,5.693194145E-1,5.262248504E-1
3.442512667E2,-1.364488703E-1,3.271563935E-1,6.123590147E-1
3.447389337E2,-4.562319249E-2,-5.582705158E-1,2.949089992E-1
3.452266003E2,-1.319777969E-1,-1.183475279E0,-3.519456643E-1
3.457142673E2,-5.739238045E-1,4.664323926E-3,-2.428997701E-1
3.462019343E2,-3.599896789E-1,-5.822096014E-1,-2.889413309E-1
3.466896013E2,-1.706042111E-1,-4.752920938E-1,-3.974504507E-1
3.471772688E2,-2.939582419E-1,-6.212116992E-1,-2.122971976E-1
3.476649358E2,-4.019256172E-1,-3.344554728E-1,-3.087557906E-1
3.481526010E2,-3.893660903E-1,-1.503196353E-1,-9.811393976E-2
3.486402680E2,1.682124075E-1,6.105609959E-1,-3.776956326E-1
3.491279340E2,4.431008327E-1,-6.101037437E-1,-7.583312452E-1
3.496156010E2,4.573551750E-1,-6.745921004E-1,-1.695215991E0
3.501032672E2,5.716603473E-1,-9.583036816E-1,-1.778738204E0
3.505909332E2,3.591377395E-1,-9.699267769E-1,-1.553341489E0
3.510785995E2,3.303194448E-1,-1.057696992E-1,3.495231628E-2
3.515662665E2,-1.264580253E-1,9.031164908E-1,6.591975510E-1
3.520539325E2,-1.632434437E-1,1.326042675E0,1.449075694E0
3.525415995E2,-5.775704205E-1,8.896784198E-1,1.991482129E0
3.530292654E2,-9.956475091E-1,1.803184828E0,2.201505345E0
3.535169324E2,-1.120762429E0,2.143992716E0,2.222350084E0
3.540045992E2,-8.656373003E-1,1.293471345E0,2.505749424E0
3.544922662E2,-7.837692645E-1,2.011495394E0,1.851996800E0
3.549799333E2,-2.003943130E-1,1.117671298E0,1.071125123E0
3.554676003E2,4.117699894E-1,6.673573405E-1,-2.500971079E-2
3.559552672E2,3.545701870E-1,3.319639742E-2,-5.568777090E-1
3.564429342E2,3.657301828E-1,-3.448594236E-1,-1.161680367E0
3.569306012E2,4.466158864E-1,-5.763208705E-1,-7.957160032E-1
3.574182682E2,5.998398337E-1,-5.998693621E-1,-1.383828954E0
3.579059362E2,4.800952891E-1,-6.300187755E-1,-1.388274007E0
3.583936032E2,5.047380871E-1,3.658240306E-1,-5.888684106E-1
3.588812702E2,2.865065503E-1,-3.335397989E-1,-4.836442566E-1
3.593689388E2,5.164930370E-1,3.868669903E-1,-3.010322034E-2
3.598566058E2,-1.014351583E-1,6.380405706E-1,4.081409150E-1
3.603442738E2,-8.277289242E-2,1.112877166E-1,4.298533809E-1
3.608319408E2,-2.194536048E-1,4.682649100E-1,3.362108070E-1
3.613196076E2,-2.434131557E-1,2.936787450E-1,4.131420386E-1
3.618072756E2,1.517972267E-1,-5.827101231E-2,9.830824274E-1
3.622949428E2,-1.389014849E-1,1.854871291E-1,5.221446633E-1
3.627826098E2,-2.576408932E-1,3.867026836E-1,4.793161476E-1
3.632702771E2,-2.343818387E-1,-1.928113514E-1,3.485648042E-1
3.637579441E2,-3.891403878E-1,-1.591337281E-1,6.336042881E-2
3.642456119E2,-4.346112603E-1,-1.139856219E-2,3.720519000E-1
3.647332789E2,-5.404166275E-1,1.577362436E-1,6.012048662E-2
3.652209459E2,-1.550857008E-1,-2.635989136E-1,4.008932912E-1
3.657086129E2,1.446913978E-1,-8.191773713E-2,2.188864249E-1
3.661962792E2,4.065832168E-2,1.404928046E-1,1.588378590E-1
3.666839462E2,3.452900711E-1,-3.319955492E-1,5.577039206E-1
3.671716134E2,-2.275739256E-1,1.217296743E-1,8.131313503E-2
3.676592814E2,-6.742190480E-2,2.858376288E-1,-1.907806134E-1
3.681469482E2,4.342615968E-1,-7.749624807E-1,6.130390459E-1
3.686346152E2,-1.438955918E-1,-2.674691856E-2,1.193937117E-1
3.691222839E2,3.250163126E-1,-5.435367018E-1,1.019881294E0
3.696099519E2,3.309143990E-2,2.758628637E-1,6.784348905E-2
3.700976185E2,-5.266031653E-2,1.532479209E-1,3.170985979E-1
3.705852865E2,1.498661837E-1,-2.306527770E-1,-1.294690490E-1
3.710729545E2,-2.270529386E-1,-2.112879682E-1,7.740368664E-2
3.715606225E2,-6.624570814E-1,2.217831355E-1,-3.647539902E-1
3.720482899E2,-2.557446411E-1,-5.961066788E-1,-8.377247393E-2
3.725359579E2,-3.659561777E-1,-2.394814879E-1,-2.603040075E-1
3.730236260E2,-2.296143115E-1,-6.501443070E-1,-3.463545567E-1
3.735112940E2,-6.929672679E-1,-1.179693300E-1,3.434274405E-1
3.739989623E2,-8.366392037E-1,1.605528474E-2,8.600669503E-2
3.744866313E2,-1.070764350E0,1.377381814E0,1.243267152E0
3.749743000E2,-1.374979485E0,1.809900355E-1,1.807905285E0
3.754619680E2,-5.338806099E-1,6.453454971E-1,1.053995705E0
3.759496355E2,-1.046059571E0,6.153656530E-1,5.944203418E-1
3.764373035E2,-4.025919074E-1,2.407082337E-1,3.029173458E-1
3.769249715E2,4.657909530E-1,-3.678530145E-1,-7.453211904E-1
3.774126393E2,4.993469542E-1,-1.083299026E0,-2.002959044E0
3.779003073E2,8.733184952E-1,-1.544865950E0,-2.163490257E0
3.783879767E2,6.926518106E-1,-5.135685521E-1,-1.586643137E0
3.788756437E2,1.457296295E0,1.991468096E-1,-6.704084176E-1
3.793633109E2,1.393911600E0,1.330941473E0,6.313121796E-1
3.798509779E2,9.402001172E-1,1.973559244E0,4.980769390E-1
3.803386452E2,9.728609097E-1,1.294948937E0,7.909171933E-1
3.808263122E2,8.590293619E-1,1.266164263E0,-1.300514317E-1
3.813139792E2,6.029967454E-1,4.443065286E-1,1.886305922E-1
3.818016472E2,4.282486126E-1,6.686220932E-1,-8.726443112E-2
3.822893143E2,3.327548102E-1,3.656866211E-1,-3.726594257E-1
3.827769813E2,1.072059216E0,-3.778026366E-1,2.124100488E-1
3.832646483E2,1.687342715E-1,6.151376116E-1,6.935090125E-2
3.837523153E2,-6.755522132E-2,-1.891135722E-1,-2.279712439E-1
3.842399827E2,-2.618552738E-1,-1.528871477E-1,-4.604039133E-1
3.847276497E2,-4.402912456E-1,-7.628002721E-1,-5.194157678E-1
3.852153167E2,-4.734625000E-1,-5.465678984E-1,3.620011210E-2
3.857029837E2,6.924243540E-2,-4.740922451E-3,-6.148873508E-2
3.861906507E2,-2.733172783E-1,-6.759252656E-1,3.963190144E-1
3.866783167E2,-2.752176234E-1,1.021982199E-1,-2.004910845E-1
3.871659834E2,-2.784531802E-1,7.519402385E-2,-7.834567308E-2
3.876536504E2,-4.657552850E-1,7.386536103E-1,-2.202546734E-1
3.881413179E2,1.355346581E-1,-9.380898571E-1,1.836636164E0
3.886289839E2,8.083600223E-2,3.581127226E-1,2.506461614E-1
3.891166508E2,-1.663144013E-1,1.846299273E-1,-6.303766251E-2
3.896043168E2,1.409325153E-1,-3.027881223E-1,-4.341557622E-3
3.900919835E2,6.030555099E-2,3.409026128E-1,-8.051966786E-2
3.905796495E2,-1.805096868E-1,1.058685172E-1,-1.030758870E-1
3.910673150E2,4.472494322E-1,-6.491233832E-1,6.822735876E-1
3.915549810E2,-1.624356508E-1,3.185896379E-1,-2.653875768E-1
3.920426473E2,-2.173942155E-1,3.465773356E-1,8.845200062E-2
3.925303133E2,3.002983779E-2,-2.532820863E-1,1.845346177E-1
3.930179797E2,-4.883506805E-2,-1.695733470E-1,-1.570375013E-1
3.935056447E2,7.566852540E-2,-6.870057392E-1,-6.541946733E-1
3.939933103E2,-1.937074372E-1,-5.232907176E-2,-5.874294108E-1
3.944809753E2,1.125618249E-1,-3.765589339E-1,5.933520555E-2
3.949686425E2,-2.735628614E-1,2.712172508E-2,-1.022081602E-1
3.954563075E2,-5.691299647E-2,2.752898365E-1,2.531136864E-1
3.959439735E2,7.275836617E-2,2.145875520E-1,4.030409735E-1
3.964316380E2,3.548061222E-2,2.851622754E-1,1.489671743E-1
3.969193040E2,1.980674136E-1,9.471904635E-2,4.274203545E-1
3.974069703E2,-5.008148977E-1,5.790959591E-1,2.214936984E-1
3.978946373E2,2.137388286E-1,1.521884054E-1,1.297584862E-1
3.983823042E2,-1.143960965E-1,2.509461236E-1,2.019160509E-1
3.988699702E2,1.201047331E-2,3.388636887E-1,-1.421440583E-1
3.993576377E2,-3.242804405E-1,3.159683311E-1,1.142768133E-1
3.998453047E2,2.834782773E-1,-2.552683854E-1,-3.136382157E-1
4.003329719E2,1.801275712E-1,-3.479561090E-1,4.851785660E-2
4.008206389E2,-1.547211269E-1,-5.346810937E-2,-4.185624075E-1
4.013083059E2,-7.699408919E-2,-1.495372778E-1,-7.299664021E-2
4.017959729E2,-7.971275210E-2,-5.298021770E-1,-9.210534096E-2
4.022836399E2,-2.330258694E-1,-1.286890304E-1,-8.474428117E-2
4.027713059E2,-4.874844155E-1,-4.218532205E-2,1.209268516E-1
4.032589728E2,-4.971217963E-1,1.994561273E-1,-2.848886257E-1
4.037466398E2,-2.428076765E-1,-1.242042160E-1,2.306726575E-2
4.042343067E2,-1.622254434E-1,-1.181745672E-1,-1.682910526E-1
4.047219727E2,-4.443267015E-1,-4.920923138E-1,-3.091791290E-1
4.052096397E2,-6.214926580E-1,-7.939641774E-2,4.699290276E-2
4.056973057E2,-5.139658704E-1,-3.297560656E-1,2.312690735E-1
4.061849710E2,-3.921552122E-1,-1.056819910E-1,4.356736994E-1
4.066726370E2,-2.594146460E-1,-3.240591234E-1,2.835314870E-2
4.071603038E2,-2.914418927E-1,-2.132970715E-1,-1.928423417E-1
4.076479698E2,-2.036918503E-1,-6.604184496E-1,-7.816850245E-2
4.081356355E2,-2.317061529E-1,2.316234148E-1,1.357255697E-2
4.086233005E2,-1.295754683E-1,-6.100540423E-1,-7.604689872E-1
4.091109669E2,6.503507137E-2,-5.910196012E-1,-1.701270783E-1
4.095986319E2,2.132315826E-1,-5.315124875E-1,-2.507543349E-1
4.100862962E2,-5.993781960E-1,-2.487785608E-1,1.242597646E-1
4.105739612E2,-1.291002651E0,-7.986945748E-1,-7.415538293E-1
4.110616261E2,2.566404346E-1,4.327647096E-1,-4.086063534E-1
4.115492911E2,6.453811651E-1,6.795920545E-1,-1.117643816E0
4.120369568E2,8.860937843E-1,-5.077575892E-1,-1.092742864E0
4.125246218E2,1.003851737E0,-2.770399082E-1,-8.625368142E-1
4.130122867E2,1.438120058E0,-2.298704195E-1,-1.001971858E0
4.134999517E2,9.771416563E-1,7.406463414E-1,1.242533326E-2
4.139876162E2,1.322353667E-1,1.122468939E0,6.305315763E-1
4.144752812E2,-1.579400191E-1,1.062805120E0,1.484750726E0
4.149629462E2,-8.052384862E-1,1.943030346E0,2.019837617E0
4.154506118E2,-6.933523071E-1,1.060186152E0,2.017053757E0
4.159382768E2,-6.449452552E-1,1.301497234E0,1.331434393E0
4.164259413E2,-5.549779487E-1,1.160296916E0,2.002558510E0
4.169136063E2,-3.978708655E-2,1.223167933E0,1.796063504E0
4.174012722E2,4.768065226E-1,1.071489404E0,6.304374361E-1
4.178889382E2,5.468666911E-1,-2.953177196E-1,-1.355741268E-1
4.183766043E2,2.417101541E-1,-4.590602231E-1,-8.844972020E-1
4.188642703E2,1.463845176E0,-2.116346496E0,-1.560520116E0
4.193519361E2,7.132109132E-1,-8.605171859E-2,-2.147163076E0
4.198396031E2,1.773179256E0,-1.073779174E0,-1.902139013E0
4.203272695E2,5.578881079E-1,-9.501491547E-2,-5.580740494E-1
4.208149365E2,2.520068085E-1,2.791870058E-2,7.451633155E-2
4.213026037E2,-2.032465848E-1,6.988241315E-2,3.650650620E-2
4.217902707E2,1.114607942E-1,1.554277629E-1,1.781588137E-2
4.222779378E2,-7.086445302E-2,2.682404333E-1,-2.931039637E-1
4.227656048E2,6.647114754E-2,-1.791352987E-2,-1.118700993E-1
4.232532713E2,-2.709643587E-1,-5.145491302E-2,2.292874521E-1
4.237409393E2,2.700244188E-2,6.225062728E-2,3.844193459E-2
4.242286062E2,-3.386625445E-1,3.098439574E-3,1.041143525E-1
4.247162742E2,-1.597394997E-1,-1.699861604E-1,-7.911984444E-2
4.252039418E2,-6.403633770E-1,1.626081437E-1,-2.049823308E-1
4.256916098E2,-1.042014760E-1,-2.524880344E-1,-2.528113854E-1
4.261792772E2,-2.982439587E-1,-1.213191998E-1,-3.635915637E-1
4.266669452E2,-3.654837227E-1,-2.912392867E-1,-3.592646241E-2
4.271546139E2,-2.619251481E-1,-7.147694886E-2,-1.250579095E-1
4.276422819E2,-1.884820729E-1,-6.309625161E-1,-9.208019793E-1
4.281299506E2,-8.706056795E-1,-2.431096852E-2,-7.859534919E-2
4.286176186E2,-7.485093847E-1,-7.164569950E-1,3.690996408E-2
4.291052878E2,-8.733547479E-1,-5.029096627E-1,8.017643631E-2
4.295929568E2,-4.501133984E-1,-5.962364870E-1,1.233914530E-1
4.300806242E2,-1.920389342E-1,-3.728757727E-1,-9.900447071E-2
4.305682932E2,-1.258347121E-1,-8.767022789E-2,1.091622537E-1
4.310559625E2,3.703035825E-1,1.473492497E-1,5.104034543E-2
4.315436305E2,4.805388004E-1,-9.089321315E-2,-5.837041497E-2
4.320312990E2,9.063739747E-2,1.280744880E-1,-8.800878167E-2
4.325189680E2,2.316228300E-1,2.081035745E-1,-9.348996162E-2
4.330066360E2,4.732025912E-1,2.017353719E-1,2.638556063E-2
4.334943050E2,8.862165758E-1,5.561409599E-1,5.664782524E-3
4.339819740E2,5.011002418E-1,2.941897917E-1,-1.623742551E-1
4.344696442E2,3.969636700E-1,4.209574270E-1,-1.643424278E-1
4.349573132E2,3.341549259E-1,3.579525089E-1,-1.907466996E-1
4.354449822E2,1.615033123E-1,-3.452956259E-2,-4.030661166E-2
4.359326512E2,1.834897202E-1,1.186382514E-1,4.265660763E-2
4.364203203E2,1.194325957E-1,1.449682635E-1,-1.034869462E-1
4.369079883E2,1.581432098E-1,2.926847184E-1,1.272576320E-1
4.373956571E2,2.419276705E-1,2.305141979E-1,1.004750454E-1
4.378833261E2,-1.823375264E-1,-7.017594337E-2,1.417376769E-1
4.383709949E2,-2.217875209E-1,-4.952942491E-2,8.360582829E-2
4.388586629E2,-1.223445091E-1,4.788460314E-2,3.174219489E-2
4.393463307E2,-3.197199047E-2,4.347685504E-1,5.233141065E-2
4.398339987E2,-1.238814497E-1,2.832250929E-1,-1.358249724E-1
4.403216667E2,-3.019586948E-1,-1.375598413E-1,2.372110140E-1
4.408093347E2,-2.999376047E-1,1.405635560E-1,1.110783863E-1
4.412970012E2,-2.733397901E-2,-7.766447246E-2,-2.214808345E-1
4.417846682E2,-2.359029919E-2,-1.387000483E-1,-1.312232137E-2
4.422723360E2,1.870591530E-1,1.277441204E-2,-6.748622417E-2
4.427600030E2,3.511381638E-1,1.668058598E-1,5.243782997E-3
4.432476696E2,8.717146039E-2,-3.429742813E-2,-1.135839182E-1
4.437353366E2,-3.286983043E-1,-9.984530032E-2,1.444788516E-2
4.442230028E2,-4.018148124E-1,1.575941563E-1,4.878624380E-2
4.447106698E2,-1.238709247E-1,-2.712757230E-2,4.339861929E-2
4.451983353E2,-1.108754879E-1,1.564188659E-2,-6.664714873E-2
4.456860013E2,-1.441414672E-1,6.316220820E-2,-4.377868831E-2
4.461736663E2,3.328337476E-1,2.022826713E-1,-7.354627848E-2
4.466613313E2,3.626802751E-1,1.474849051E-1,-1.037179112E-1
4.471489969E2,2.269807255E-1,1.661223203E-1,-6.599869251E-2
4.476366619E2,1.774203104E-1,2.580393809E-1,-4.090185821E-2
4.481243263E2,1.948274714E-1,1.542524725E-1,-9.283273458E-2
4.486119903E2,1.458394986E-1,2.086707544E-1,-5.430660009E-2
4.490996539E2,7.826702803E-2,1.937404740E-1,-3.353261232E-2
4.495873179E2,6.650418431E-2,7.002800882E-2,-4.760919929E-2
4.500749801E2,5.338917196E-2,1.415026188E-1,-3.193983078E-2
4.505626431E2,5.500212640E-2,5.006093681E-2,-6.969822586E-2
4.510503056E2,1.330913991E-2,3.184686005E-2,3.726839840E-2
4.515379676E2,-9.600543380E-3,-2.659313679E-3,9.132766128E-3
4.520256297E2,1.902274668E-2,1.482093751E-2,7.856318951E-3
4.525132907E2,-5.570408463E-2,3.886702716E-2,3.878867447E-2
4.530009517E2,-5.090147406E-2,6.275231838E-3,4.128894389E-2
4.534886125E2,-4.267327219E-2,3.566626132E-2,2.859756231E-2
4.539762735E2,-6.782185435E-2,4.309924185E-2,1.144387811E-1
4.544639330E2,-3.319113493E-2,-6.888195455E-2,4.560886681E-2
4.549515930E2,-2.397533834E-2,-8.650487781E-2,-3.739411354E-2
4.554392522E2,-1.958349466E-2,-3.876119256E-2,-5.602802038E-2
4.559269112E2,3.870783672E-1,1.835224646E-1,-1.183628476E-1
4.564145705E2,2.632203063E-1,5.127540350E-1,-1.913594878E-1
4.569022295E2,4.094983461E-1,5.565216136E-1,-1.090067178E-1
4.573898873E2,5.234187716E-1,2.755629015E-1,4.659412265E-2
4.578775453E2,3.442931208E-1,-6.707048714E-2,-9.790110111E-2
4.583652035E2,-2.133084735E-1,2.884957731E-2,1.966348457E-1
4.588528605E2,-4.204001874E-1,-1.641874766E-1,6.971635222E-2
4.593405175E2,-2.338017949E-1,-1.856783330E-2,-4.179589748E-2
4.598281745E2,-2.549681309E-1,-3.054088444E-1,1.194077450E-1
4.603158318E2,-9.212434441E-2,-3.066233110E-1,-2.209119004E-1
4.608034878E2,-3.788071883E-1,-1.212197971E-1,1.322371209E-1
4.612911442E2,-2.998814714E-1,-4.043811554E-1,-4.489609122E-2
4.617788002E2,-3.346425837E-1,-1.430404365E-2,6.084729552E-2
4.622664568E2,-2.470062697E-1,-2.000157058E-2,-4.939552367E-2
4.627541128E2,2.747372746E-1,1.680647653E-1,7.059694290E-2
4.632417683E2,5.870019794E-2,1.994175357E-1,-1.264729357E-1
4.637294243E2,2.780207786E-1,-6.288271129E-2,-1.321032196E-1
4.642170804E2,2.719841132E-1,1.980270678E-1,-1.125425291E-1
4.647047354E2,7.545831800E-2,4.141331416E-1,-4.074339867E-3
4.651923910E2,1.924175414E-1,3.146024215E-1,-2.181151772E-1
4.656800470E2,-4.259953880E-1,-2.951779711E-1,-1.228558481E-2
4.661677040E2,-1.935673964E-1,-2.404293215E-1,2.970911801E-2
4.666553600E2,1.903979132E-1,1.975943738E-1,-1.398753387E-1
4.671430159E2,2.278417280E-1,-2.632855028E-1,-2.759885788E-4
4.676306709E2,2.558659708E-1,1.349584150E-1,2.139262319E-1
4.681183263E2,7.303464711E-2,6.157585859E-2,1.987778503E-1
4.686059813E2,-1.919933259E-2,8.433439136E-2,1.035764086E-1
4.690936371E2,-1.390999979E-1,6.219332457E-2,-1.799223340E-1
4.695812921E2,-1.157380325E-1,8.795732617E-2,1.668421125E-1
4.700689480E2,9.913983375E-2,-1.165730149E-1,-1.044312716E-1
4.705566030E2,2.014044195E-2,-1.436736900E-1,-4.244903147E-2
4.710442580E2,-3.650826037E-2,-1.632542610E-1,3.034061730E-2
4.715319140E2,5.304009318E-3,-5.902179480E-3,7.795390964E-2
4.720195690E2,-1.115642899E-1,4.267765760E-2,-3.865945101E-2
4.725072244E2,-7.888712525E-2,-6.141564488E-2,-3.340748191E-2
4.729948794E2,-7.132638305E-2,6.635888100E-2,-8.561317742E-2
4.734825357E2,-4.633479863E-2,7.305277348E-2,-2.050618529E-3
4.739701907E2,-1.635641634E-2,-1.920810342E-3,-1.105533063E-1
4.744578454E2,3.245497048E-2,-1.015930331E-1,-1.615503824E-1
4.749455004E2,3.232457757E-2,-3.065227389E-1,-2.577207077E-1
4.754331560E2,-1.283241642E-1,-8.597395062E-2,1.584864414E-1
4.759208110E2,5.493488342E-2,-7.691719830E-2,7.172487080E-2
4.764084663E2,-8.380287945E-2,1.701533908E-1,1.169905061E-1
4.768961223E2,-1.064693186E-1,9.157382905E-2,8.104825616E-3
4.773837771E2,-7.290951669E-2,1.695265692E-1,2.753395379E-2
4.778714321E2,-1.970295328E-1,2.419782490E-1,1.751907670E-1
4.783590872E2,-3.781613633E-1,-1.407606071E-1,-1.197422057E-1
4.788467422E2,-2.496904340E-1,-2.551303911E-1,2.268602729E-2
4.793343987E2,-1.868752581E-1,-1.198673362E-1,6.015615463E-2
4.798220537E2,-2.447854972E-1,-3.302741289E-2,-9.017692924E-2
4.803097084E2,-1.904762658E-1,-2.626984423E-1,-7.298962355E-2
4.807973634E2,-1.479494664E-1,-7.735223114E-2,-7.441283584E-2
4.812850184E2,-1.623803946E-1,1.089920998E-3,-9.260820150E-3
4.817726734E2,5.341826186E-1,3.038797975E-1,-1.795229691E-1
4.822603271E2,2.460502499E-1,1.292398381E-1,-4.840325117E-2
4.827479821E2,1.447428533E-1,1.014123541E-1,1.141832578E-1
4.832356371E2,1.393803719E-1,-4.531592131E-3,-1.849123478E-2
4.837232921E2,1.294406900E-1,5.219867885E-2,-6.220151067E-2
4.842109475E2,1.241086140E-1,1.238995761E-1,-9.268421531E-2
4.846986025E2,7.820329338E-2,2.458648932E-1,-2.458520293E-2
4.851862584E2,6.909186959E-2,1.798416424E-1,-2.254978716E-2
4.856739144E2,7.478822708E-2,1.857660413E-1,-4.104394555E-2
4.861615708E2,4.918648571E-2,1.549915606E-1,7.102612853E-3
4.866492278E2,4.825590134E-2,7.396318495E-2,-2.428524077E-2
4.871368842E2,2.120697409E-2,6.670971394E-2,-2.317426980E-2
4.876245412E2,1.953262389E-2,7.302061379E-2,-4.193856955E-2
4.881121992E2,4.104745388E-3,5.063279450E-2,-4.217947483E-2
4.885998562E2,1.877540946E-3,1.349467206E-1,-6.685063183E-2
4.890875163E2,-5.020682484E-2,1.952198195E-1,-2.913316727E-2
4.895751743E2,1.678753155E-1,1.212320763E-1,-2.560788095E-2
4.900628303E2,9.299996495E-3,3.588219899E-1,-1.351350009E-2
4.905504883E2,4.567485264E-1,4.425441778E-1,4.556150436E-3
4.910381463E2,4.546856287E-1,-7.650029182E-2,1.534736234E-1
4.915258044E2,4.981026667E-1,-9.442960918E-2,2.120755881E-1
4.920134624E2,3.157057911E-2,-8.359939635E-2,2.278917217E-1
4.925011197E2,-8.439751205E-1,-4.872508192E-1,2.700127244E-1
4.929887777E2,-7.155366433E-1,-1.127144372E-1,-1.659755552E-1
4.934764352E2,-2.953922716E-1,-5.509357685E-1,-2.675785285E-1
4.939640922E2,-1.732696643E-1,-2.374185902E-1,2.071493089E-2
4.944517508E2,-2.408886203E-1,-2.192495370E-1,-1.235124904E-1
4.949394078E2,-2.918874505E-1,-2.346136808E-2,-1.573836565E-2
4.954270659E2,-1.881812337E-1,-7.555362761E-2,5.792310297E-2
4.959147229E2,-2.581338134E-1,-1.208765656E-1,-4.950135827E-2
4.964023798E2,-8.778454095E-2,-3.223569989E-2,-4.801791966E-2
4.968900368E2,3.690666041E-1,1.907864606E-1,-1.187394083E-1
4.973776932E2,1.092976168E-1,1.242866617E-1,-8.301876783E-2
4.978653502E2,1.155763569E-1,1.045546478E-1,-1.953671694E-2
4.983530074E2,1.111596626E-1,4.119246483E-2,-3.021490216E-2
4.988406644E2,3.266225427E-2,1.014374971E-2,7.415321946E-2
4.993283213E2,4.683268905E-2,-6.874629915E-2,2.924075603E-2
4.998159783E2,3.939590782E-2,3.059029341E-2,7.183304429E-3
5.003036347E2,-1.718613625E-2,1.409178972E-2,3.486343861E-2
5.007912917E2,-3.402904093E-2,-1.641196489E-2,3.151824653E-2
5.012789482E2,-3.575075358E-2,5.490067720E-2,2.433786571E-2
5.017666042E2,-8.182710528E-2,5.506673813E-2,1.083980227E-1
5.022542612E2,-7.604011595E-3,-7.067003310E-2,2.856598735E-2
5.027419182E2,1.637658924E-2,-1.316734493E-2,1.487239301E-2
5.032295740E2,-3.491518646E-2,4.017504930E-2,9.488276839E-2
5.037172310E2,-3.026401877E-2,-1.256473088E-1,3.416177273E-2
5.042048874E2,1.009697199E-2,-1.351291537E-3,-9.836770892E-3
5.046925444E2,-7.809453517E-2,1.426954508E-2,6.700850666E-2
5.051802013E2,-6.125338465E-2,5.481881618E-2,1.239375830E-2
5.056678583E2,-2.637006551E-2,1.101703137E-1,-1.716157794E-2
5.061555146E2,1.782026678E-2,9.799758017E-2,-3.596797764E-2
5.066431716E2,1.810678035E-2,1.448402095E-1,-2.567044616E-2
5.071308282E2,1.462476343E-2,9.442317724E-2,-3.084874034E-2
5.076184852E2,4.812375426E-2,6.906731129E-3,-5.070880830E-2
5.081061412E2,5.648176432E-2,-2.121545255E-2,-1.011088836E-1
5.085937982E2,-9.529792070E-3,8.902385831E-3,-9.766779721E-2
5.090814558E2,-3.767682642E-2,4.014230490E-2,-3.608316779E-2
5.095691128E2,-4.133893758E-2,6.738155901E-2,2.405076742E-2
5.100567693E2,-7.203711212E-2,-5.057198346E-2,6.113907158E-2
5.105444253E2,-2.424021721E-2,-2.372624695E-2,4.431136966E-2
5.110320823E2,2.431640643E-1,1.907700884E-1,-2.522021055E-2
5.115197393E2,5.779963902E-1,1.915126848E-1,1.529058588E-1
5.120073963E2,4.993814528E-1,4.267526025E-1,-2.942435861E-2
5.124950534E2,2.012205246E-1,4.409268379E-1,-1.317243201E-1
5.129827104E2,3.065168917E-2,3.553469896E-1,3.011082172E-2
5.134703680E2,7.134129345E-2,6.983563542E-2,8.939106345E-2
5.139580250E2,-3.690572485E-1,-3.163975167E-1,-1.190960884E-2
5.144456822E2,-3.003454480E-1,-6.981867850E-2,-1.615848809E-1
5.149333392E2,-2.734073254E-1,1.986591518E-2,5.946267486E-2
5.154209972E2,-2.577242160E-1,-1.789932114E-1,1.069870895E-1
5.159086542E2,-1.693634319E-1,-2.263527346E-1,-3.614807189E-2
5.163963115E2,-2.102781540E-1,-3.171295881E-2,-1.447858304E-1
5.168839685E2,-6.354315430E-2,-2.485452569E-1,5.914283216E-2
5.173716259E2,-1.262375852E-1,2.069089884E-1,1.227371496E-1
5.178592839E2,-8.152392715E-2,-2.334383905E-2,3.170594215E-2
5.183469402E2,-1.037529945E-1,3.086452782E-2,-8.072724402E-2
5.188345972E2,4.055950373E-2,-1.189323664E-1,-6.423868060E-2
5.193222542E2,-2.406330970E-1,-8.371107817E-2,-7.652192652E-2
5.198099112E2,-1.962088761E-1,-3.043844122E-1,-5.465743303E-2
5.202975685E2,-2.958170718E-1,8.419405818E-2,4.142109096E-2
5.207852255E2,1.757877678E-2,3.273388267E-2,6.608523130E-3
5.212728823E2,-1.049013877E-1,6.959940791E-2,-1.279446799E-1
5.217605383E2,2.636179170E-1,1.716654807E-1,-2.865088892E-1
5.222481955E2,3.022890624E-1,6.172320843E-3,-2.882560372E-2
5.227358525E2,2.503920999E-1,3.617643088E-1,-1.203473926E-2
5.232235080E2,6.660446405E-2,1.756854415E-2,-1.206865311E-1
5.237111640E2,-1.605698043E-1,-2.163925874E-1,8.106170475E-2
5.241988208E2,3.053123653E-3,1.310828805E-2,1.403741062E-1
5.246864768E2,-4.134434626E-1,-2.279694897E-1,2.748834550E-2
5.251741328E2,-4.792164525E-1,1.268085659E-1,-2.171696824E-1
5.256617888E2,-2.671765324E-1,8.094125211E-2,1.738511699E-1
5.261494444E2,-2.744279569E-1,1.352823508E-1,-1.636062634E-1
5.266371004E2,-1.952712750E-1,-2.248260266E-1,1.420008016E-1
5.271247557E2,-2.457549655E-1,-3.688657522E-2,-2.145928144E-3
5.276124117E2,-2.849272174E-1,-1.614965880E-1,-3.051544905E-2
5.281000663E2,-2.300548992E-1,-1.575193119E-1,-7.285981536E-2
5.285877213E2,5.902147320E-1,2.494638544E-1,-1.343467963E-1
5.290753766E2,5.828969416E-1,6.223255938E-1,-2.605922753E-1
5.295630316E2,4.608412850E-1,6.208877635E-1,-2.814288282E-1
5.300506866E2,3.469436637E-1,7.125247425E-1,-1.233031601E-1
5.305383415E2,2.954042584E-1,3.302934247E-1,1.756509429E-1
5.310259965E2,-3.502906099E-1,-3.706263489E-1,8.782342494E-2
5.315136501E2,-2.420984092E-1,-1.625379771E-1,1.152293247E-1
5.320013051E2,2.156061369E-1,2.478669798E-1,-2.424799401E-1
5.324889608E2,2.391414723E-1,-8.419288874E-2,2.198553085E-2
5.329766148E2,2.424431026E-1,7.224761188E-2,5.693199992E-2
5.334642698E2,3.563410163E-2,2.288255221E-1,1.705223501E-1
5.339519248E2,-3.771129575E-1,-5.473753989E-2,-1.789505267E-1
5.344395791E2,-2.903516793E-1,-5.768395185E-2,1.271149600E-1
5.349272341E2,5.876451731E-2,-4.097260952E-2,1.177313483E-1
5.354148915E2,6.891236007E-2,-6.031110585E-2,-6.606652021E-2
5.359025485E2,3.202388451E-1,1.059819531E-1,-5.606544256E-2
5.363902058E2,1.947587666E-1,-9.121656418E-4,-1.202070594E-2
5.368778638E2,1.966520950E-1,1.148258668E-1,-6.402701139E-4
5.373655217E2,1.891492403E-1,2.199354154E-1,8.134880304E-2
5.378531797E2,-4.547376689E-1,-3.617391658E-1,-1.068017328E-1
5.383408380E2,-4.430613640E-1,4.550887942E-3,-8.821109533E-2
5.388284960E2,-3.874154592E-1,-2.631539404E-2,-6.348906755E-2
5.393161555E2,-2.752038825E-1,-3.398354959E-1,3.394636130E-1
5.398038135E2,-2.564989319E-1,-7.428302765E-3,-3.124161476E-1
5.402914724E2,-1.446940291E-1,-2.585901886E-1,9.913603306E-2
5.407791304E2,1.647233739E-1,5.137129784E-2,-1.234791613E-1
5.412667895E2,5.540856636E-1,3.745843291E-1,-4.241043985E-2
5.417544475E2,6.858137843E-1,9.165452063E-2,8.728197277E-2
5.422421065E2,3.459522682E-1,4.339803457E-2,-1.296590835E-1
5.427297645E2,-2.875502783E-1,-5.249641907E-1,1.619450694E-1
5.432174234E2,-3.866924509E-1,5.197531521E-2,-1.090774691E-1
5.437050814E2,1.335021660E-1,2.225450277E-2,-3.620303571E-2
5.441927400E2,1.948113915E-1,1.227307177E-1,6.346450925E-2
5.446803990E2,4.031880310E-1,-4.408157408E-2,-1.340825021E-2
5.451680583E2,2.771703011E-1,1.471340722E-1,3.724442482E-2
5.456557173E2,1.364740133E-2,2.934740925E-1,-5.367159247E-2
5.461433769E2,1.779240480E-1,2.067967218E-1,-1.109591031E-1
5.466310369E2,-1.427928069E-1,8.662357628E-2,1.304081118E-1
5.471186958E2,-2.064268854E-1,-1.589764380E-1,-1.463593161E-1
5.476063558E2,-8.888060153E-2,-2.687298453E-1,-7.061506927E-2
5.480940152E2,-2.776912880E-1,-3.569836253E-1,-1.978615916E-1
5.485816742E2,-4.100096852E-1,-2.818340403E-1,-1.401741314E-1
5.490693342E2,-1.260247466E-1,-3.049784893E-1,3.158724368E-2
5.495569945E2,-2.735567218E-1,2.368736297E-1,-2.209604323E-1
5.500446545E2,-1.600976416E-1,-1.907209718E-1,-4.693267643E-2
5.505323150E2,-1.527617249E-1,-2.148477530E-1,5.446564436E-2
5.510199750E2,-2.181224862E-1,2.058336854E-2,-9.450971603E-2
5.515076343E2,-1.945307252E-1,-1.838890851E-1,-1.791937709E-2
5.519952943E2,5.201732746E-1,3.078178972E-1,-1.562048578E-1
5.524829534E2,1.685363433E-1,1.490665770E-1,-1.132880491E-1
5.529706134E2,1.213697782E-1,1.217507243E-1,-7.713062167E-3
5.534582738E2,9.291547269E-2,7.140093505E-2,1.237914026E-2
5.539459338E2,4.645788252E-2,8.523720145E-2,2.886068702E-2
5.544335933E2,4.392340690E-2,7.074370801E-2,8.969570339E-2
5.549212543E2,5.459282130E-2,-5.235070646E-2,1.069748104E-2
5.554089158E2,5.043778986E-2,3.963827491E-3,-2.851570129E-2
5.558965758E2,2.128006428E-2,2.719715416E-2,-2.133122742E-2
5.563842362E2,-1.866752833E-2,1.493320405E-2,-2.388002872E-2
5.568718972E2,4.057675302E-3,3.838463187E-2,-4.526914358E-2
5.573595585E2,1.034080088E-3,6.775928915E-2,-6.659160018E-2
5.578472185E2,-2.713663548E-2,-3.460382223E-3,-8.673174977E-3
5.583348790E2,-1.047207087E-2,2.621657610E-2,2.243108869E-2
5.588225390E2,-2.807979137E-2,2.539445758E-2,8.279072642E-2
5.593102010E2,-2.864901781E-2,-1.101498485E-1,3.468568325E-2
5.597978610E2,4.014405906E-2,-7.541855693E-2,-7.285455287E-2
5.602855203E2,3.612702191E-3,-7.997821569E-3,-6.052628338E-2
5.607731803E2,-3.223862350E-3,3.021841049E-2,-8.368476570E-2
5.612608400E2,1.204234064E-3,5.396512270E-2,-7.842753410E-2
5.617485000E2,-1.934522063E-2,7.855500340E-2,-5.902588785E-2
5.622361610E2,-2.954159528E-2,9.654162347E-2,-7.368017972E-2
5.627238210E2,-6.203895807E-3,1.033039284E-1,5.285298228E-3
5.632114808E2,1.082085729E-2,3.380509257E-2,-4.369156480E-2
5.636991398E2,8.976937830E-3,1.178541398E-1,-2.651478410E-2
5.641867988E2,7.995775044E-3,3.517743409E-2,-6.673076391E-2
5.646744578E2,-1.414441466E-2,-1.271184683E-3,-4.928442657E-2
5.651621162E2,-9.956054091E-2,3.908454359E-2,6.549700141E-2
5.656497752E2,-8.956823409E-2,2.267082453E-2,1.988170266E-2
5.661374347E2,-2.057898313E-2,4.810972095E-2,-3.389572442E-2
5.666250937E2,1.485192776E-4,8.425954700E-2,-5.996553540E-2
5.671127510E2,1.210929126E-2,1.461201650E-1,-1.270716906E-2
5.676004100E2,-2.786782980E-3,9.700998545E-2,-1.045248270E-2
5.680880680E2,5.122043967E-2,-3.190240860E-3,-5.319796801E-2
5.685757270E2,6.246638954E-2,1.057094729E-1,9.282220960E-2
5.690633850E2,6.517958531E-1,1.299146068E-1,-5.400371432E-2
5.695510428E2,8.653674513E-2,4.494742978E-1,-1.832716191E-1
5.700387008E2,2.365303981E-1,2.820924872E-1,-9.103763938E-2
5.705263590E2,-3.524634352E-1,5.950535953E-2,-2.126924694E-1
5.710140160E2,-4.772655290E-1,-3.414797330E-1,-1.060527045E-1
5.715016729E2,-5.376587883E-1,-1.479632074E-1,1.614427936E-1
5.719893309E2,-3.425366172E-1,-3.616333312E-1,1.323406166E-1
5.724769872E2,-2.987202144E-1,-1.878692847E-1,1.972558200E-2
5.729646442E2,-2.883004761E-1,-1.075104153E-1,-2.296318531E-2
5.734523003E2,-2.993093213E-1,-2.113382542E-1,-4.948089302E-2
5.739399573E2,4.313505605E-1,2.490235591E-1,-2.837712228E-2
5.744276143E2,1.184131336E-1,-1.985889852E-2,-3.353261232E-2
5.749152703E2,9.115019828E-2,2.205160439E-1,-5.647299349E-2
5.754029265E2,4.123047173E-2,6.202492476E-2,-2.897880077E-3
5.758905825E2,1.053022143E-1,1.273687291E-1,-5.904752254E-2
5.763782383E2,6.187435895E-2,6.737454236E-2,-3.082008898E-2
5.768658943E2,2.084970921E-2,1.535361886E-2,5.972638428E-2
5.773535502E2,-2.650016606E-2,-3.685324609E-2,3.908980608E-2
5.778412062E2,-2.342482299E-2,4.686835706E-2,3.119314134E-2
5.783288616E2,-1.949432462E-2,1.135447419E-1,-2.639023840E-2
5.788165176E2,5.538775027E-3,5.673728764E-2,-4.584158599E-2
5.793041725E2,1.990421444E-2,5.492289662E-2,-4.481072187E-2
5.797918275E2,1.621231171E-1,1.862361574E-1,1.604201156E-1
5.802794822E2,6.635955343E-1,2.146331602E-1,2.084193242E-1
5.807671372E2,5.132896399E-1,7.942331493E-2,-1.628110421E-1
5.812547922E2,3.583202988E-1,1.131985867E-1,-1.606516653E-1
5.817424472E2,1.249231312E-1,3.852882421E-1,2.875953019E-2
5.822301029E2,-5.515965039E-1,5.718459964E-2,1.246462655E-1
5.827177569E2,-2.781011778E-1,-4.687245011E-2,9.191589117E-2
5.832054116E2,-3.704933247E-1,-1.166858661E-1,1.607750416E-1
5.836930666E2,-3.273329794E-1,-9.990494192E-2,4.066387653E-2
5.841807202E2,-2.191059878E-1,1.087494403E-1,-5.338858724E-2
5.846683752E2,-1.002382332E-1,-2.326981330E-1,-4.839155674E-2
5.851560295E2,-1.540451887E-1,-2.545491779E-1,1.037313598E-1
5.856436835E2,-4.719729218E-1,-4.423161364E-1,-4.278992414E-3
5.861313387E2,-5.497812358E-1,-1.150515693E-1,1.654130530E-1
5.866189927E2,-4.002892739E-1,-2.025428724E-1,-2.162943542E-2
5.871066477E2,-4.355678648E-1,-3.241883469E-1,-2.759534955E-2
5.875943024E2,-4.355862835E-1,-1.902912015E-1,-1.096159977E-1
5.880819564E2,-3.889050373E-1,-3.498880291E-1,-2.107511938E-2
5.885696115E2,1.784505898E-1,-1.333165169E-4,1.167572021E-2
5.890572665E2,2.386614159E-1,2.982120913E-1,-8.801755250E-2
5.895449215E2,4.108201092E-1,2.333337253E-1,-5.814354300E-2
5.900325755E2,5.750046623E-1,2.768551362E-1,-6.161386549E-2
5.905202308E2,5.454928878E-1,5.714612496E-1,-2.318461937E-1
5.910078858E2,4.790372354E-1,3.169512480E-1,-1.515890658E-1
5.914955401E2,2.036023879E-1,1.546541762E-1,-2.960094452E-2
5.919831941E2,-5.022495121E-2,1.292550409E-1,-9.001905441E-2
5.924708493E2,-3.643563795E-1,-2.395411295E-1,1.214361441E-1
5.929585043E2,-5.389296806E-1,-9.417291641E-2,2.985588312E-2
5.934461593E2,-4.963379771E-1,-7.877895176E-2,-8.197328568E-2
5.939338143E2,-2.556110322E-1,-3.088160169E-1,1.048171878E-1
5.944214683E2,-2.625516772E-1,-1.071970046E-1,-2.091022789E-1
5.949091233E2,-3.268804049E-1,-3.024314421E-1,6.518476009E-3
5.953967787E2,-2.820650053E-1,-1.757789969E-2,2.392914534E-2
5.958844327E2,-3.241088247E-1,-2.246874475E-1,8.437941492E-2
5.963720872E2,-3.381205076E-1,-3.604457617E-2,-3.106333315E-2
5.968597422E2,-3.338903394E-1,-1.854432750E-1,-5.103917599E-2
5.973473964E2,8.604557902E-2,1.006773591E-2,-8.344678402E-2
5.978350514E2,1.096961045E-1,9.433079123E-2,6.801832080E-2
5.983227053E2,9.534996092E-2,4.100886226E-2,3.533530891E-2
5.988103603E2,6.388843238E-2,1.100644791E-1,1.055305481E-2
5.992980157E2,5.830843449E-2,1.131863075E-1,1.239609718E-3
5.997856697E2,8.211829662E-2,-9.414017200E-4,-2.299651444E-2
6.002733247E2,4.452245414E-2,3.568848073E-2,-3.572239459E-2
6.007609787E2,5.564415067E-2,-1.864735544E-2,-9.642292500E-2
6.012486337E2,4.291446984E-2,-3.810455024E-2,-6.958595932E-2
6.017362887E2,2.468109727E-3,2.925946712E-2,-5.123798132E-2
6.022239425E2,1.748025119E-2,3.814723492E-3,-6.954152048E-2
6.027115975E2,9.037456512E-3,4.873888135E-2,-8.392742515E-2
6.031992529E2,-2.687292606E-2,9.808002591E-2,-2.147214532E-2
6.036869079E2,-1.227827579E-2,3.186147809E-2,-4.577024996E-2
6.041745621E2,1.797814161E-2,2.586983621E-2,-6.968068421E-2
6.046622171E2,-7.216633558E-3,3.265728414E-2,-1.910285354E-2
6.051498735E2,2.804529279E-2,-9.146799445E-3,-5.101812601E-2
6.056375285E2,1.856528977E-1,-3.779991031E-2,-9.984939337E-2
6.061251845E2,5.858851612E-1,4.487556750E-1,-1.106948090E-1
6.066128409E2,4.272741741E-1,2.349452180E-1,2.209949309E-1
6.071004959E2,3.934839919E-1,3.441975188E-1,2.553227645E-1
6.075881514E2,1.062585264E-1,3.901262283E-2,3.218348426E-1
6.080758064E2,-7.115403637E-1,-4.993510473E-1,1.347601944E-1
6.085634620E2,-6.725751033E-1,5.663671553E-2,6.018188238E-2
6.090511170E2,-4.396886900E-1,-3.603750104E-1,1.363406968E-1
6.095387730E2,-4.553899258E-1,-1.034109324E-1,-5.078306794E-3
6.100264280E2,-4.309979734E-1,-8.865723789E-2,-1.338971454E-1
6.105140832E2,-1.287773234E-1,-1.548582441E-1,1.204409480E-1
6.110017392E2,-1.397250652E-1,-1.578982115E-2,4.346937060E-2
6.114893947E2,2.387657887E-1,1.380229408E-1,-1.705708820E-1
6.119770497E2,-2.759716219E-1,-3.148655462E-1,9.273567080E-2
6.124647041E2,-2.483563918E-1,-1.645722234E-1,4.252329111E-2
6.129523581E2,-3.400904346E-1,-1.741306669E-1,-2.119089425E-2
6.134400132E2,-3.437753499E-2,6.295872509E-2,-6.906497240E-2
6.139276682E2,1.121861413E-1,3.030261040E-1,-1.153462690E-1
6.144153229E2,8.116666228E-1,5.893274170E-1,-2.103956831E-1
6.149029769E2,5.910003054E-1,4.141500986E-1,-1.863823378E-1
6.153906319E2,6.728066531E-1,2.057225883E-1,-1.890703028E-1
6.158782859E2,8.944047242E-2,2.821983218E-2,-9.199190497E-2
6.163659392E2,-4.411931786E-1,7.820826352E-2,-2.046759367E-2
6.168535932E2,-1.989605758E-1,1.176681983E-1,-8.424668312E-3
6.173412490E2,-1.583516631E-1,-1.001458472E-1,7.216224253E-2
6.178289030E2,-3.170708236E-1,-2.074475169E-2,-1.714286685E-1
6.183165569E2,-5.267970005E-1,-7.906897366E-2,-1.260729861E-1
6.188042119E2,-7.402110162E-1,-4.151412016E-1,-1.726261783E-1
6.192918658E2,-6.273141459E-1,-3.048632991E-1,7.759839892E-2
6.197795208E2,-5.790064967E-1,-3.112408572E-1,7.482798815E-2
6.202671743E2,-2.078328484E-1,-1.095031464E-1,2.613471508E-2
6.207548283E2,1.919377774E-1,-4.751272023E-2,-1.486648732E-1
6.212424831E2,3.418343666E-1,1.185090280E-1,-8.811637044E-2
6.217301371E2,2.140352824E-1,1.466978699E-1,-6.501226723E-2
6.222177918E2,1.808125725E-1,6.180974722E-2,-9.554116488E-2
6.227054458E2,1.316617548E-1,9.083415627E-2,-5.912529051E-2
6.231931000E2,7.902892023E-2,1.033121145E-1,-5.545499325E-2
6.236807540E2,1.420975730E-1,1.048025697E-1,-5.775294900E-2
6.241684076E2,8.198819607E-2,1.940585625E-1,5.356049538E-4
6.246560616E2,1.319430059E-1,4.926688492E-2,-2.203932524E-2
6.251437156E2,8.863735735E-2,1.376984203E-1,-4.010663688E-2
6.256313684E2,6.220326483E-2,1.692119890E-1,-3.502891481E-2
6.261190224E2,8.559388161E-2,6.821946502E-2,-3.722922206E-2
6.266066754E2,6.949328095E-2,1.243153131E-1,-6.478422582E-2
6.270943294E2,1.786324382E-4,1.156321979E-1,-3.144398689E-2
6.275819820E2,2.812209597E-1,3.043218470E-1,-5.114734948E-2
6.280696350E2,5.119409797E-1,3.216149873E-1,-8.398355842E-3
6.285572898E2,1.836937881E0,5.799490678E-1,-6.380212748E-1
6.290449428E2,5.943712252E-1,4.344206411E-1,-2.916854292E-1
6.295325950E2,-3.550604761E-1,-7.138573229E-1,-1.952274209E-1
6.300202480E2,1.044192848E-1,1.201532650E-1,-2.043227649E-1
6.305079018E2,8.527532530E-1,-1.051270902E-1,-5.189707947E-1
6.309955548E2,5.275925142E-1,1.714052796E-1,-3.162174225E-3
6.314832087E2,3.130189955E-1,3.424883777E-1,8.242702961E-2
6.319708617E2,2.274800777E-1,-5.212149560E-2,9.548737049E-2
6.324585148E2,-2.229543328E-2,1.410003430E-1,-7.800068736E-2
6.329461678E2,-6.546188888E-1,2.123188323E-1,5.789339912E-1
6.334338204E2,-1.257714745E0,2.562495482E-1,1.616606024E0
6.339214734E2,-1.242575718E0,3.076652849E-1,1.661695658E0
6.344091273E2,-5.652240247E-1,6.562604946E-1,1.929791665E0
6.348967803E2,-6.389299321E-1,1.009033540E0,2.271783029E0
6.353844332E2,-2.665561429E-1,3.034646451E-1,1.796626006E0
6.358720862E2,-7.621433374E-1,5.807121295E-1,1.789671328E0
6.363597403E2,-9.208239064E-1,1.197589288E0,1.662716582E0
6.368473943E2,-1.075173735E0,1.431496040E0,2.573674774E0
6.373350484E2,-9.015582079E-1,7.978759646E-1,1.792592597E0
6.378227024E2,-5.841000062E-1,1.878658934E0,2.812129490E0
6.383103579E2,-6.342328638E-1,2.014114947E0,3.099063472E0
6.387980119E2,-7.764625838E-1,1.511925661E0,2.521158591E0
6.392856663E2,-1.029561945E0,1.698436638E0,1.687014686E0
6.397733213E2,-7.104220837E-2,1.195304781E0,1.378278776E0
6.402609779E2,2.218161723E-1,1.332054783E0,1.135602955E0
6.407486339E2,3.038400364E-1,4.487445652E-1,6.354379749E-1
6.412362884E2,4.137580428E-1,-4.150131476E-1,-1.171917672E0
6.417239454E2,5.737369859E-1,-6.925155705E-1,-1.569379817E0
6.422116018E2,-9.021610558E-2,-1.056825757E0,-1.186882451E0
6.426992578E2,5.103815272E-1,-9.614336962E-1,-7.837198555E-1
6.431869148E2,1.516524204E0,-3.920675039E-2,-1.458918312E0
6.436745718E2,5.700368679E-1,-1.954314888E-2,-4.302322805E-1
6.441622278E2,8.349592987E-1,1.174033195E-1,-2.300066596E-1
6.446498847E2,9.119671288E-1,7.095409083E-1,6.772712946E-2
6.451375427E2,1.029428043E0,4.780449629E-1,3.846491414E-1
6.456251999E2,4.280170628E-1,5.679575980E-1,6.045143902E-2
6.461128579E2,1.690307254E-1,3.759490693E-1,-1.284574807E-2
6.466005142E2,3.341508329E-2,6.521493173E-1,-1.895889509E-1
6.470881732E2,-1.561323524E-1,2.482318461E-1,2.230782938E-1
6.475758318E2,-9.356831431E-2,-3.338216347E-1,4.329219997E-1
6.480634898E2,-8.671034896E-1,-6.439597070E-2,2.705758113E-1
6.485511489E2,-5.338238919E-1,-3.841714239E-1,3.197140574E-2
6.490388069E2,-4.535521460E-1,5.267522693E-2,-1.129758078E-1
6.495264654E2,-5.576618207E-1,-1.705369681E-1,5.831428170E-2
6.500141234E2,-7.895398816E-1,3.786306024E-1,3.341005468E-1
6.505017830E2,-3.616964811E-1,-1.448402095E-1,5.269727093E-1
6.509894420E2,-6.980376810E-2,-4.212053490E-1,-5.414755583E-2
6.514771004E2,1.145378914E-1,-2.379115105E-1,1.909197772E-1
6.519647594E2,9.746723771E-3,-4.590882897E-2,-3.144644272E-1
6.524524173E2,-1.004560420E-1,-8.537811935E-2,-2.225315791E-1
6.529400763E2,-2.456394830E-1,-1.966874707E-1,-9.378115296E-2
6.534277350E2,-2.543854558E-1,-2.314053136E-1,3.514176607E-1
6.539153940E2,-3.382523623E-1,-3.062870961E-1,-1.170250046E-1
6.544030538E2,-3.388581339E-1,-7.169171709E-1,-2.658997929E-1
6.548907138E2,-5.473110795E-1,1.400320441E-1,1.327475828E-1
6.553783727E2,-6.477019250E-2,3.844474125E-1,-2.896412426E-1
6.558660317E2,8.418733388E-2,7.822054267E-2,-1.153690732E-1
6.563536903E2,1.645155054E-1,-4.195967799E-1,2.913983309E-1
6.568413493E2,-3.207811743E-1,2.024124795E-1,-2.197605836E-1
6.573290092E2,-2.017526212E-1,-1.792978513E-1,5.761799526E-1
6.578166682E2,-1.611019009E-1,-3.747117984E-1,-2.863808352E-1
6.583043271E2,-2.868480277E-1,2.192998230E-1,7.224468827E-2
6.587919861E2,-4.880320072E-2,3.597212917E-1,-4.955737460E-1
6.592796456E2,-3.045089579E-1,-1.953736013E-1,-4.862293106E-1
6.597673036E2,-3.852642685E-2,9.802740097E-2,2.053752637E-1
6.602549620E2,-1.844396004E-1,-7.464497030E-2,1.080325717E-1
6.607426210E2,7.726218402E-3,2.164346874E-1,3.488308525E-1
6.612302804E2,2.098799586E-1,-1.205766034E-1,2.974654019E-2
6.617179394E2,-5.255740553E-2,1.189423066E-1,-3.015952903E-1
6.622055992E2,-2.918930054E-3,-5.915774256E-1,-1.128559399E-1
6.626932592E2,2.823111731E-1,8.897591114E-2,7.866610050E-2
6.631809192E2,2.662091106E-1,-1.705398917E-1,-1.702358365E-1
6.636685790E2,-4.837284565E-2,4.265725082E-1,3.187995529E-1
6.641562390E2,-6.906555712E-2,8.950917721E-2,5.362832308E-2
6.646439005E2,-1.709375024E-1,-2.243921632E-1,1.154760772E-1
6.651315615E2,-3.231916890E-1,1.035097504E-1,-5.138924879E-1
6.656192214E2,1.154152662E-2,-7.133310735E-2,2.397358418E-2
6.661068824E2,-8.068631351E-2,-1.911647755E-1,-3.155590260E-1
6.665945432E2,-3.539112058E-1,2.462607497E-1,2.680550766E-1
6.670822032E2,1.341617319E-1,-2.248488307E-1,-6.690267205E-2
6.675698640E2,9.855131149E-2,-3.389122206E-1,-1.830301291E-1
6.680575250E2,-9.415186644E-3,2.297078669E-1,-4.608360225E-1
6.685451856E2,3.358436018E-1,-6.147095954E-1,-3.038797975E-3
6.690328466E2,3.198675469E-1,-2.496848792E-1,6.209743023E-2
6.695205064E2,3.553113216E-1,-6.294369775E-1,9.510262370E-2
6.700081664E2,2.394870427E-1,-8.023783207E-1,-1.679770571E-1
6.704958270E2,-4.358979401E-1,-2.741543072E-1,-1.011948377E-1
6.709834870E2,-5.481963480E-1,-5.563818651E-1,-1.356144726E-2
6.714711480E2,-5.858682042E-1,-2.832712859E-1,-2.634743679E-1
6.719588090E2,-5.485202837E-1,-1.156474006E-1,4.269935077E-1
6.724464682E2,-6.133053866E-1,-4.678760701E-1,-1.823454201E-1
6.729341282E2,-6.627304387E-1,-2.721416956E-1,-1.927476168E-1
6.734217882E2,-8.711988795E-1,-1.157678533E-1,2.645911860E-1
6.739094482E2,-7.500600663E-1,-4.867462045E-1,-2.865708697E-1
6.743971082E2,-5.520996568E-1,-2.828157878E-1,-6.540812373E-2
6.748847682E2,-4.070346218E-1,-4.750891954E-1,-8.187914550E-2
6.753724284E2,1.057454333E-1,-3.274417377E-1,-9.781690121E-2
6.758600874E2,5.137729123E-1,9.491785169E-3,-3.084289312E-2
6.763477475E2,1.732825282E-1,1.161157626E-1,8.199550509E-3
6.768354065E2,3.133908784E-1,-1.782471067E-1,-7.504725873E-2
6.773230662E2,2.767718133E-1,1.360799110E-1,-1.030174148E-1
6.778107252E2,3.202125326E-1,1.252374190E-1,-7.872106433E-2
6.782983843E2,7.486871400E-1,5.806653517E-1,-9.524237216E-2
6.787860443E2,5.789088482E-1,4.400456625E-1,-9.048566222E-2
6.792737032E2,4.558468857E-1,3.006299150E-1,-4.940546393E-2
6.797613622E2,3.943625361E-1,2.856511027E-1,6.892697811E-3
6.802490208E2,2.792042550E-1,2.655980766E-1,6.769438505E-2
6.807366798E2,2.354778993E-1,1.369429600E-1,1.132348394E-1
6.812243385E2,2.455777949E-1,1.675057715E-1,2.196389616E-2
6.817119965E2,2.111768711E-1,1.347256958E-1,-2.197383642E-2
6.821996555E2,1.710632175E-1,1.401238453E-1,-7.161845148E-2
6.826873130E2,1.580642724E-1,1.526275313E-1,-4.128835917E-2
6.831749710E2,1.137745374E-1,9.801278293E-2,-4.140705764E-2
6.836626290E2,1.236449298E-1,1.900128740E-1,-2.238197207E-2
6.841502870E2,7.457363427E-2,1.506763154E-1,1.382866502E-3
6.846379452E2,8.739570111E-2,3.261050642E-2,-2.503251493E-2
6.851256032E2,5.190397918E-2,6.149107397E-2,-5.646773100E-2
6.856132601E2,2.185659975E-2,-3.175038099E-2,-5.714074552E-2
6.861009181E2,6.131682694E-3,7.516595721E-3,-2.326431692E-2
6.865885758E2,-6.976605356E-2,8.827366054E-2,7.222129941E-2
6.870762328E2,-6.630420953E-2,-1.001218736E-2,5.483811200E-2
6.875638902E2,-2.643029183E-2,-5.081230402E-4,-1.900695920E-2
6.880515472E2,-2.696823567E-2,3.047159493E-2,-1.552669644E-2
6.885392043E2,-7.215171754E-3,1.856724858E-1,-3.251870513E-2
6.890268613E2,1.371172071E-2,1.496091986E-1,-2.207440853E-2
6.895145193E2,1.927563876E-2,-5.053748488E-3,-5.872943401E-2
6.900021763E2,-2.456415296E-2,5.737697303E-2,-1.663708270E-2
6.904898329E2,-4.959637552E-2,-2.494129837E-2,3.980550528E-2
6.909774899E2,-3.537594706E-2,7.210377038E-2,4.001834393E-2
6.914651469E2,-2.502286702E-2,1.026537180E-2,4.118193984E-2
6.919528029E2,2.320730656E-2,9.829929650E-2,-6.682081103E-2
6.924404591E2,3.243450522E-2,5.233550370E-2,-3.280755758E-2
6.929281151E2,1.678033948E-2,2.102658749E-3,-1.709375024E-2
6.934157711E2,-7.778814107E-2,2.090730429E-2,9.278127909E-2
6.939034271E2,-7.125416994E-3,7.680960953E-2,-3.619251072E-2
6.943910834E2,2.484569639E-2,1.296737015E-2,-1.577871144E-2
6.948787394E2,1.950514197E-2,-7.181667209E-2,3.490787745E-4
6.953663957E2,-2.969157636E-2,-7.798489988E-2,-4.088197768E-2
6.958540517E2,7.101648062E-2,1.812636852E-4,-1.311314124E-1
6.963417078E2,-4.107464343E-2,-1.241018897E-1,-3.365715802E-2
6.968293628E2,-2.145898908E-2,3.217138052E-3,-7.977180898E-2
6.973170182E2,1.990947694E-2,2.259831905E-2,-7.973789513E-2
6.978046742E2,-1.334524646E-1,1.944316149E-2,7.218095362E-2
6.982923298E2,-2.718429029E-2,1.357127059E-1,-5.075383186E-2
6.987799848E2,1.528286755E-2,1.061678946E-2,-5.993396044E-2
6.992676392E2,-2.837098271E-2,-4.322788060E-2,-2.702583075E-2
6.997552942E2,-1.631665528E-2,3.401091456E-2,-7.918942630E-2
7.002429492E2,5.449488044E-2,4.163217545E-3,-9.671411633E-2
7.007306042E2,-5.891391367E-2,-4.769573808E-2,2.464659870E-2
7.012182592E2,-4.221748173E-2,1.338474441E-1,-2.302048802E-2
7.017059141E2,-8.619088233E-3,3.986982465E-2,-3.340631247E-2
7.021935691E2,-1.036176315E-1,4.270572424E-2,4.343370259E-2
7.026812248E2,-5.142333806E-3,1.399718177E-1,-5.923580289E-2
7.031688788E2,-1.670637220E-2,-2.054126859E-3,-5.932000279E-2
7.036565339E2,-5.426596195E-2,7.070453167E-3,-3.586799026E-2
7.041441879E2,-4.539807469E-2,1.208034754E-2,-4.388978541E-2
7.046318427E2,3.382701963E-2,7.931981921E-2,-6.251959920E-2
7.051194967E2,-7.026569813E-2,-5.469310105E-2,2.225567222E-2
7.056071518E2,-4.724579483E-2,1.750340617E-1,-4.704669714E-3
7.060948058E2,1.611112565E-2,-1.602955699E-2,-1.138686776E-2
7.065824590E2,-6.455852330E-2,-5.174785852E-4,1.384211361E-2
7.070701140E2,7.484319091E-2,8.078396201E-2,-6.791716397E-2
7.075577695E2,-2.166598052E-2,-3.591827631E-2,7.116061449E-4
7.080454245E2,-2.972607493E-2,2.698490024E-2,-1.343397796E-2
7.085330799E2,-4.767410338E-2,7.198799551E-2,-3.823728204E-2
7.090207349E2,1.204000175E-2,1.123560029E-1,-2.478634715E-2
7.095083893E2,-3.872347802E-2,-7.471689105E-2,3.628898978E-2
7.099960443E2,-5.877913535E-3,-9.149723053E-3,-5.027260602E-2
7.104836992E2,6.370336801E-2,-4.601758718E-3,-7.703004956E-2
7.109713542E2,-3.118700176E-2,-3.310401142E-2,2.771931052E-2
7.114590093E2,-2.514244258E-2,1.027004957E-2,-1.911688685E-2
7.119466643E2,1.944286913E-2,8.355671167E-2,1.540215075E-2
7.124343197E2,-4.259228826E-2,1.014491916E-2,6.229857445E-2
7.129219747E2,-5.033400178E-2,-7.192659974E-3,3.478625536E-2
7.134096295E2,-5.312487781E-3,1.197813821E-1,-5.759215057E-2
7.138972845E2,1.845381260E-2,-1.215226829E-2,-5.126663268E-2
7.143849394E2,-3.036254436E-2,-7.970573545E-2,-1.831172526E-2
7.148725944E2,3.267424107E-3,4.086092770E-2,-4.859328568E-2
7.153602495E2,-8.440046489E-2,-2.501438856E-3,5.920598209E-2
7.158479045E2,-1.336205721E-2,6.707633436E-2,-5.584675670E-2
7.163355594E2,1.847544730E-2,-2.711880147E-2,-4.579656243E-2
7.168232144E2,-4.464758456E-2,-5.321258605E-2,-1.513551772E-2
7.173108699E2,6.810252070E-3,4.829800129E-3,-9.799758017E-2
7.177985259E2,6.806334436E-2,4.647483945E-2,-1.028121775E-1
7.182861803E2,-1.653417170E-2,1.282177448E-2,-3.559434056E-2
7.187738353E2,-9.689421058E-3,-1.012854695E-2,1.510686636E-2
7.192614914E2,-7.739696234E-2,-2.529739380E-2,6.058884859E-2
7.197491464E2,1.432041585E-2,1.063807333E-1,-4.923764884E-2
7.202368024E2,-1.756708235E-2,-8.751235306E-2,-5.448669434E-2
7.207244580E2,-1.674993396E-2,1.223705292E-2,-1.153942162E-1
7.212121150E2,4.176315308E-2,-1.670900345E-2,-9.105810463E-2
7.216997713E2,-9.328764796E-2,1.910519242E-2,6.556541383E-2
7.221874283E2,-3.406295478E-2,8.068865240E-2,-3.845538318E-2
7.226750845E2,-2.098624170E-2,1.013299084E-1,-5.729101896E-3
7.231627415E2,-9.437406063E-3,-3.724091649E-2,-7.958645225E-3
7.236503989E2,-1.014988929E-2,-1.437947273E-2,-8.103831589E-2
7.241380559E2,5.971235096E-2,4.850967050E-2,-1.083448130E-1
7.246257129E2,-2.149231821E-2,-3.976925254E-2,-5.370082855E-2
7.251133699E2,-3.401588470E-2,1.926131308E-2,-1.562434494E-2
7.256010257E2,1.825354546E-2,8.160198748E-2,-3.112122059E-2
7.260886827E2,-9.354229420E-2,6.190388739E-2,1.030285245E-1
7.265763397E2,-1.159181267E-2,1.132693380E-1,-4.888389230E-2
7.270639957E2,8.925774693E-4,-2.069095731E-2,-8.070443988E-2
7.275516524E2,-1.269255102E-2,-1.537174523E-2,-7.765394747E-2
7.280393084E2,-2.155108273E-2,8.713637710E-2,-7.381700456E-2
7.285269645E2,-3.176646084E-2,5.411831975E-2,-4.894938111E-2
7.290146215E2,-8.766057998E-2,-3.433777392E-2,4.687420428E-2
7.295022777E2,4.607605934E-4,8.261706412E-2,-5.371837020E-2
7.299899337E2,-3.067741692E-2,4.491246343E-2,-1.015942025E-1
7.304775900E2,1.752004150E-1,1.939199835E-1,1.703036642E-1
7.309652460E2,1.690596691E0,7.124674398E-1,1.207847643E-1
7.314529015E2,1.881332865E0,1.135290713E0,-1.431456864E-1
7.319405575E2,1.362565554E0,7.673418045E-1,-1.107228756E-1
7.324282138E2,8.585238701E-1,7.238958228E-1,8.288486660E-2
7.329158698E2,9.320298028E-1,4.875168675E-1,-2.243869007E-1
7.334035254E2,7.979911548E-1,1.690734100E-1,5.247934520E-2
7.338911804E2,-5.598311377E-1,-4.060973132E-1,6.417903900E-3
7.343788367E2,3.449155569E-1,-3.198368490E-2,5.319153607E-2
7.348664927E2,1.941315942E0,4.368443120E-1,-5.289490682E-1
7.353541474E2,1.282135933E0,8.637594670E-1,-2.250476360E-1
7.358418034E2,9.931332064E-1,1.149318184E0,2.052910638E-1
7.363294584E2,8.617445165E-1,3.110601783E-1,-5.983455777E-2
7.368171144E2,5.452856040E-1,-3.444559658E-1,1.660082996E-1
7.373047691E2,-2.139724249E-1,2.512782454E-2,5.530764341E-1
7.377924241E2,-5.578693968E-1,-8.051031232E-3,2.719721264E-1
7.382800805E2,-4.367431551E-1,1.829541153E-1,1.309805542E-1
7.387677355E2,-4.474029216E-1,6.203726238E-1,-3.564334023E-1
7.392553909E2,-1.013741133E0,-2.139186305E-1,-2.483797807E-1
7.397430469E2,-1.112912250E0,-2.186648154E-1,-1.778915960E-1
7.402307019E2,-6.737331444E-1,-1.924137408E-1,-1.231113714E-1
7.407183560E2,-7.954932243E-1,-2.390341759E-2,-1.117929161E-1
7.412060110E2,-5.464585555E-1,-2.107921243E-1,-6.098645926E-4
7.416936669E2,-3.493012610E-1,-6.032519764E-1,-1.741499627E-1
7.421813219E2,-1.091090441E-3,-2.557110196E-1,-3.400114971E-1
7.426689772E2,1.788525859E-1,4.968870306E-1,-2.361386347E-1
7.431566322E2,2.619204703E-1,-1.578268754E-1,-1.466575241E-1
7.436442887E2,1.235157064E-1,1.339608800E-1,-1.535829663E-1
7.441319447E2,3.081006101E-1,-3.880112904E-1,-2.712324536E-1
7.446196007E2,-2.637380773E-1,2.008161896E-1,2.287571096E-1
7.451072567E2,-3.570368350E-1,-4.460840821E-2,-9.509794593E-2
7.455949125E2,-3.754508865E-1,-3.536857957E-1,2.653934240E-1
7.460825685E2,-3.399194035E-1,-1.261840832E-1,-9.785315394E-3
7.465702243E2,-3.042940727E-1,-3.402196580E-1,-1.572111636E-1
7.470578803E2,-4.630860311E-1,1.181833380E-1,-1.416733575E-1
7.475455363E2,-2.908141941E-2,1.267863464E-1,-3.907109499E-2
7.480331933E2,5.367033532E-1,1.260191917E-1,-1.651499283E-1
7.485208495E2,6.093178779E-1,3.738218522E-1,5.286409199E-2
7.490085055E2,2.613044661E-1,7.123189205E-1,-2.811516702E-2
7.494961617E2,5.045550692E-1,1.159742600E-1,-3.536320013E-1
7.499838177E2,8.002280071E-1,1.936258686E-1,-5.755414367E-3
7.504714745E2,3.870204797E-1,7.028025770E-1,4.188243628E-2
7.509591305E2,1.415453035E-1,-1.961629754E-1,-2.754272461E-2
7.514467867E2,1.826728642E-2,4.210357797E-1,2.400334650E-1
7.519344437E2,-3.947200933E-1,-2.934425175E-2,8.025888205E-3
7.524221005E2,-6.504471928E-2,2.242524147E-1,1.947695839E-1
7.529097575E2,-1.764148816E-1,4.526873428E-1,2.929069126E-1
7.533974142E2,-3.021677327E-1,1.102422345E-1,1.887726796E-1
7.538850702E2,-2.258624455E-1,1.883961189E-1,-2.460707152E-1
7.543727274E2,-8.132278293E-2,1.109298670E-1,5.345875382E-2
7.548603844E2,-1.749288118E-1,-5.117880750E-1,-1.571532762E-1
7.553480415E2,-2.092312101E-1,2.163686138E-1,1.849404144E-1
7.558356985E2,-1.677797136E-1,1.781061888E-2,1.925505656E-1
7.563233553E2,5.668904811E-2,6.216467321E-2,-1.436321747E-1
7.568110123E2,-2.345014143E-1,4.531919575E-1,2.324098653E-1
7.572986690E2,-2.940418571E-2,3.279709107E-1,-8.870927811E-2
7.577863260E2,2.675305814E-2,1.993964857E-1,-1.554622614E-1
7.582739833E2,1.074069196E-1,5.960768580E-2,3.095130050E-1
7.587616403E2,-5.191628757E-1,-1.947245604E-1,2.193770063E-1
7.592492973E2,-1.906800413E-1,3.438718289E-1,3.321054769E-1
7.597369543E2,-3.115715173E-1,-1.855280596E-1,2.488130593E-1
7.602246113E2,-5.038925797E-1,6.595904839E-1,5.057736290E-1
7.607122686E2,-4.257995063E-1,-2.242085606E-1,6.227243739E-1
7.611999256E2,-2.725846222E-1,5.701444566E-2,3.401448137E-1
7.616875826E2,-4.250282586E-1,5.750268817E-2,4.257416189E-2
7.621752396E2,-1.242717513E-1,1.983790702E-1,3.714320952E-1
7.626628952E2,3.965318531E-2,-4.481984353E-1,-2.886185646E-2
7.631505522E2,3.519439101E-3,-5.278989083E-1,-7.095011473E-3
7.636382099E2,-2.072247380E-1,-1.988749141E-1,-5.393805009E-1
7.641258659E2,-1.560735878E-1,-4.021714926E-2,-1.258256489E-1
7.646135224E2,-5.590669066E-2,-6.634601712E-2,-3.681290030E-2
7.651011784E2,-1.388617238E-1,-1.112730986E-1,-1.055831730E-1
7.655888348E2,-1.899368602E-1,9.090081453E-2,-2.378085995E-1
7.660764918E2,2.233607143E-2,-4.192839539E-1,-5.059455371E-1
7.665641473E2,-4.406274605E-1,-5.553919315E-2,-6.413951182E-1
7.670518033E2,1.779512376E-2,-1.057145600E0,3.179224706E-1
7.675394599E2,-1.320639556E0,1.552850908E-1,-2.096817380E-1
7.680271159E2,-4.117635575E-1,-4.133174551E-1,-1.340170133E-1
7.685147715E2,-6.966694325E-1,-1.127138525E-1,4.702623188E-2
7.690024265E2,-6.301345503E-1,-3.263605875E-1,-1.367809922E-1
7.694900823E2,4.458589643E-2,-4.948311496E-1,2.912568283E-1
7.699777383E2,3.160528234E-1,3.622279930E-1,-2.044338620E-1
7.704653947E2,4.818392211E-1,-1.558130944E-1,-2.641216546E-1
7.709530507E2,2.815612677E-1,1.911817324E-1,-2.187957931E-1
7.714407066E2,1.830558568E-2,-1.267881006E-1,3.364487886E-3
7.719283616E2,-8.694751203E-2,2.109552616E-1,-8.281996250E-3
7.724160180E2,-4.743875295E-1,-4.857235265E-1,-3.177786291E-2
7.729036740E2,-5.922296825E-1,-4.166737568E-1,-3.354781508E-2
7.733913297E2,-6.575506827E-1,-3.944327027E-1,6.277102947E-2
7.738789857E2,-5.595829234E-1,-4.262748849E-1,-6.392468512E-2
7.743666410E2,1.848822346E-1,1.492800003E-1,-3.975931227E-2
7.748542970E2,1.516203484E-1,1.669613957E-1,-4.586789846E-2
7.753419535E2,4.689817786E-2,3.017280221E-2,-1.070847380E-1
7.758296105E2,6.355180818E-1,3.332521158E-1,-1.350952399E-1
7.763172669E2,5.718334249E-1,2.159213018E-1,-3.590073466E-2
7.768049229E2,5.538479742E-1,2.926695156E-1,-8.497875452E-2
7.772925799E2,4.462478042E-1,3.019700968E-1,-3.373784959E-2
7.777802359E2,3.997940147E-1,2.011009490E-1,-4.969431639E-2
7.782678929E2,2.548965025E-1,1.075747347E-1,3.100427628E-2
7.787555492E2,2.487028393E-1,1.371856195E-1,-4.291739345E-2
7.792432072E2,2.287837145E-1,1.930440706E-1,-5.924048066E-2
7.797308641E2,1.958475181E-1,1.173144418E-1,-4.330740273E-2
7.802185221E2,9.329203337E-2,-2.503193021E-3,2.231005132E-2
7.807061798E2,1.296441731E-1,1.072782809E-1,-4.432423353E-2
7.811938378E2,1.017444760E-1,1.478357381E-1,-3.413955331E-2
7.816814942E2,9.525932908E-2,2.385763389E-1,-3.689534605E-2
7.821691522E2,2.261907667E-2,9.244038641E-2,-4.441603482E-2
7.826568098E2,-1.497179568E-3,7.341530085E-2,5.128709793E-2
7.831444678E2,5.088703144E-1,3.472240376E-1,-2.073703337E-1
7.836321242E2,7.282096061E-1,2.185607350E-1,1.829582083E-1
7.841197812E2,9.692411909E-1,5.973667538E-1,-4.536117876E-1
7.846074386E2,6.753218329E-1,1.149170834E-1,-3.820389444E-1
7.850950966E2,6.463979959E-1,6.947883832E-1,5.789620578E-2
7.855827527E2,3.429406598E-1,1.051997711E0,4.992487210E-1
7.860704097E2,4.005521062E-1,6.413272905E-1,7.641679358E-1
7.865580663E2,5.728400230E-1,7.851997858E-1,5.580582619E-1
7.870457233E2,2.090087235E-2,1.287260433E0,6.910672152E-1
7.875333798E2,9.665681362E-2,5.990174228E-1,8.702902222E-1
7.880210368E2,6.091716975E-2,5.572764891E-1,3.289245915E-1
7.885086920E2,-5.517403454E-1,-7.480325443E-1,3.514176607E-4
7.889963490E2,-3.165071520E-1,3.834802830E-1,8.503488779E-2
7.894840052E2,-2.883294198E-1,1.007095188E-1,1.746363341E0
7.899716622E2,-2.311913055E-1,-1.207759935E0,5.328187555E-1
7.904593186E2,-5.289812279E-1,-3.685038096E-1,-3.311459488E-1
7.909469756E2,1.247754890E-1,-1.319694938E0,-1.283893606E0
7.914346315E2,-1.329890728E-1,-2.082832010E0,-1.902023823E0
7.919222885E2,-1.657738262E-1,-1.865903233E0,-2.229694771E0
7.924099440E2,5.311943990E-1,-1.360984467E0,-2.534461591E0
7.928976010E2,7.717163989E-1,-2.271322854E0,-2.660908214E0
7.933852586E2,1.108961871E0,-9.279735893E-1,-2.072058515E0
7.938729146E2,1.258189246E0,-1.835142785E-1,-1.595830282E0
7.943605714E2,1.262431986E0,-6.905310255E-1,-2.181330696E0
7.948482284E2,1.034899283E0,2.864983642E-1,-9.541597599E-1
7.953358858E2,5.336499372E-1,-6.556927299E-1,-3.033237273E-1
7.958235428E2,-3.228028491E-1,-3.233884478E-1,-1.313962913E-1
7.963111991E2,1.943173018E-1,3.849730772E-1,-3.376375276E-1
7.967988561E2,4.900566056E-1,1.323435402E-1,2.892266750E-1
7.972865141E2,2.466931513E-1,5.699982762E-2,-3.078301764E-1
7.977741717E2,2.519076982E-1,-1.454342866E-1,-7.377256572E-2
7.982618297E2,7.065980047E-2,-6.300959587E-2,-1.892556596E-1
7.987494860E2,-4.207337710E-1,-1.832587552E-1,4.381727993E-2
7.992371440E2,-3.753245866E-1,-4.438931304E-1,-5.580933452E-2
7.997248015E2,-4.148099568E-1,-3.627413785E-1,2.347019738E-1
8.002124595E2,-5.318185893E-1,-2.205669147E-1,4.125105393E-1
8.007001172E2,-3.382868609E-1,-4.993358445E-1,5.178294182E-3
8.011877762E2,-4.437928507E-1,-2.754097044E-1,-2.971169078E-1
8.016754348E2,-5.795669523E-1,-2.130947578E-1,-2.624721551E-1
8.021630938E2,-4.038113442E-1,-5.171803772E-2,3.378872037E-2
8.026507511E2,-4.685756895E-1,-9.936816752E-2,2.595579028E-1
8.031384101E2,-3.385765904E-1,-8.053954840E-2,1.243363631E-1
8.036260698E2,-3.158820847E-1,2.829853570E-1,-1.867109513E-1
8.041137278E2,-2.771691316E-1,2.882665622E-1,-1.317365992E-1
8.046013859E2,-4.922069192E-1,-2.437897164E-1,1.036775655E-1
8.050890439E2,-5.920870104E-1,-1.498267150E-1,-3.793223280E-1
8.055767025E2,-3.950826207E-1,-1.324417734E-1,-9.972426295E-2
8.060643615E2,-3.567570457E-1,-2.838372964E-1,-9.505233765E-3
8.065520208E2,-4.546654558E-1,-1.944123191E-1,-2.013073558E-1
8.070396788E2,-3.876604575E-1,-1.384772694E-1,-6.796101809E-2
8.075273377E2,-1.173331529E-1,-5.038534033E-1,-5.114267170E-2
8.080149967E2,-3.639532140E-1,-2.812341160E-1,1.403577340E-1
8.085026543E2,-2.096215117E-1,-4.419191104E-1,6.080168724E-2
8.089903133E2,-1.847369313E-1,-1.670695692E-1,-1.340649605E-1
8.094779728E2,-3.124719885E-1,7.591673970E-2,7.910698056E-3
8.099656318E2,1.312425095E-1,-1.937644476E-1,-1.191270787E-1
8.104532906E2,1.401220912E-1,-1.209432238E-1,-2.152523804E-1
8.109409486E2,1.665573531E-1,-8.934896350E-2,-4.956041515E-2
8.114286078E2,8.537841171E-2,-5.766582549E-2,-1.106398451E-1
8.119162668E2,2.615985811E-2,2.415473092E-1,4.416051149E-2
8.124039247E2,1.575137571E-1,-1.105556452E-1,-7.429706097E-2
8.128915837E2,3.598054916E-2,8.741178095E-2,-5.202969432E-2
8.133792422E2,3.665318361E-1,2.948949659E-1,-8.667386234E-2
8.138669002E2,5.107978490E-1,3.093065983E-1,-7.369128942E-2
8.143545598E2,4.742381331E-1,2.338114429E-1,-2.427296162E-2
8.148422178E2,3.057918370E-1,2.877748114E-1,7.637925446E-2
8.153298762E2,2.674965213E0,-6.365974778E-1,-4.372711587E-1
8.158175342E2,-1.641737211E0,1.662652116E0,-1.539626845E0
8.163051912E2,-5.655610435E-1,-6.375399028E-1,2.459923625E-2
8.167928484E2,-7.148732767E-2,4.372926472E-1,-2.526652050E-1
8.172805064E2,4.160586298E-3,3.295195457E-1,-1.667696071E-1
8.177681634E2,2.675101161E-5,2.834608819E-1,1.387778163E-2
8.182558214E2,-2.368291909E-1,2.575907533E-1,-5.096661204E-1
8.187434800E2,-1.862659782E-2,1.767509504E-1,-9.429395378E-2
8.192311370E2,9.312275648E-3,1.477019830E-1,-2.560027957E-2
8.197187935E2,-5.035980262E-1,5.928740457E-2,-7.465888667E-1
8.202064505E2,-4.002828419E-2,1.542665058E-1,-2.152477026E-1
8.206941072E2,1.468498975E-1,-1.524062142E-2,1.175021959E0
8.211817642E2,-3.613652363E-2,1.190273836E-2,7.813090485E-1